Day fraction since midnight on 	pH probe (pH)	Time from start	Hour Fraction	Hour Fraction/Residence time	pH probe (pH)
0.635899616	6.446812153	0	0	0	6.446812153
0.635911183	6.416762829	1.1567E-05	0.000277608	0.001110432	6.416762829
0.63592275	6.389653206	2.31339E-05	0.000555214	0.002220854	6.389653206
0.635934317	6.357402802	3.47009E-05	0.000832822	0.003331286	6.357402802
0.635945884	6.265830994	4.62679E-05	0.00111043	0.004441718	6.265830994
0.635957474	6.237020016	5.7858E-05	0.001388592	0.005554368	6.237020016
0.635969041	6.14804697	6.9425E-05	0.0016662	0.0066648	6.14804697
0.635980608	6.047205448	8.09919E-05	0.001943806	0.007775222	6.047205448
0.635992187	6.02667284	9.25705E-05	0.002221692	0.008886768	6.02667284
0.636003777	5.990143299	0.000104161	0.002499854	0.009999418	5.990143299
0.636015344	5.934697151	0.000115727	0.00277746	0.01110984	5.934697151
0.636026911	5.934797287	0.000127294	0.003055068	0.012220272	5.934797287
0.636038478	5.821619034	0.000138861	0.003332676	0.013330704	5.821619034
0.636050068	5.70819521	0.000150452	0.003610838	0.014443354	5.70819521
0.636061635	5.701767445	0.000162019	0.003888446	0.015553786	5.701767445
0.636073202	5.87298727	0.000173586	0.004166052	0.016664208	5.87298727
0.63608478	5.872994423	0.000185164	0.004443938	0.017775754	5.872994423
0.636096347	5.710842609	0.000196731	0.004721546	0.018886186	5.710842609
0.636107937	5.698158741	0.000208321	0.004999709	0.019998835	5.698158741
0.636119504	5.405093193	0.000219888	0.005277314	0.021109258	5.405093193
0.636131071	5.056145191	0.000231455	0.005554922	0.02221969	5.056145191
0.636142661	4.941740036	0.000243045	0.005833085	0.023332339	4.941740036
0.636154228	4.79070425	0.000254612	0.006110693	0.024442771	4.79070425
0.636165795	4.672626495	0.000266179	0.006388298	0.025553194	4.672626495
0.636177374	4.767210484	0.000277758	0.006666185	0.026664739	4.767210484
0.636188941	4.785263062	0.000289325	0.006943793	0.027775171	4.785263062
0.636200531	4.99340725	0.000300915	0.007221955	0.028887821	4.99340725
0.636212098	5.115039825	0.000312482	0.007499561	0.029998243	5.115039825
0.636223665	4.875723362	0.000324049	0.007777169	0.031108675	4.875723362
0.636235255	4.92440033	0.000335639	0.008055331	0.032221325	4.92440033
0.636246822	5.223372936	0.000347206	0.008332939	0.033331757	5.223372936
0.636258389	5.076862812	0.000358773	0.008610547	0.034442189	5.076862812
0.636269991	5.131869316	0.000370374	0.008888986	0.035555942	5.131869316
0.636281535	5.072834492	0.000381918	0.009166039	0.036664157	5.072834492
0.636293125	4.933562279	0.000393508	0.009444202	0.037776806	4.933562279
0.636304692	4.655717373	0.000405075	0.009721807	0.038887229	4.655717373
0.636316259	4.613082886	0.000416642	0.009999415	0.039997661	4.613082886
0.636327849	4.419796467	0.000428232	0.010277578	0.04111031	4.419796467
0.636339416	4.208739281	0.000439799	0.010555186	0.042220742	4.208739281
0.636350983	4.214269161	0.000451366	0.010832794	0.043331174	4.214269161
0.636362561	4.167461872	0.000462945	0.011110678	0.04444271	4.167461872
0.636374128	4.052782536	0.000474512	0.011388286	0.045553142	4.052782536
0.636385718	4.077774525	0.000486102	0.011666448	0.046665792	4.077774525
0.636397285	4.258909226	0.000497669	0.011944056	0.047776224	4.258909226
0.636408852	4.427268505	0.000509236	0.012221662	0.048886646	4.427268505
0.636420442	4.463803291	0.000520826	0.012499824	0.049999296	4.463803291
0.636432009	4.391799927	0.000532393	0.012777432	0.051109728	4.391799927
0.636443576	4.382058621	0.00054396	0.01305504	0.05222016	4.382058621
0.636455166	4.425959587	0.00055555	0.013333202	0.05333281	4.425959587
0.636466733	4.418610573	0.000567117	0.01361081	0.054443242	4.418610573
0.6364783	4.402564526	0.000578684	0.013888416	0.055553664	4.402564526
0.63648989	4.352895737	0.000590274	0.014166578	0.056666314	4.352895737
0.636501446	4.337687016	0.000601829	0.014443908	0.057775632	4.337687016
0.636513036	4.340342522	0.00061342	0.01472207	0.058888282	4.340342522
0.636524603	4.31826973	0.000624987	0.014999678	0.059998714	4.31826973
0.63653617	4.288570881	0.000636554	0.015277286	0.061109146	4.288570881
0.63654776	4.293591499	0.000648144	0.015555449	0.062221795	4.293591499
0.636559327	4.290618897	0.000659711	0.015833057	0.063332227	4.290618897
0.636570894	4.262849808	0.000671278	0.016110662	0.06444265	4.262849808
0.636582484	4.254962444	0.000682868	0.016388827	0.065555309	4.254962444
0.636594039	4.224581718	0.000694423	0.016666157	0.066664627	4.224581718
0.63660563	4.196275711	0.000706013	0.016944319	0.067777277	4.196275711
0.636617196	4.164534569	0.00071758	0.017221925	0.068887699	4.164534569
0.636628787	4.160745621	0.00072917	0.017500087	0.070000349	4.160745621
0.636640354	4.182080746	0.000740737	0.017777695	0.071110781	4.182080746
0.636651921	4.198287964	0.000752304	0.018055303	0.072221213	4.198287964
0.636663488	4.216713429	0.000763871	0.018332911	0.073331645	4.216713429
0.636675078	4.234490871	0.000775461	0.018611074	0.074444294	4.234490871
0.636686633	4.224456787	0.000787017	0.018888403	0.075553613	4.224456787
0.636698223	4.227687836	0.000798607	0.019166566	0.076666262	4.227687836
0.63670979	4.221560478	0.000810174	0.019444171	0.077776685	4.221560478
0.636721357	4.177500725	0.000821741	0.019721779	0.078887117	4.177500725
0.636732947	4.179680347	0.000833331	0.019999942	0.079999766	4.179680347
0.636744514	4.178018093	0.000844898	0.02027755	0.081110198	4.178018093
0.636756081	4.17493391	0.000856465	0.020555158	0.08222063	4.17493391
0.636767671	4.177327156	0.000868055	0.02083332	0.08333328	4.177327156
0.636779227	4.160757065	0.00087961	0.02111065	0.084442598	4.160757065
0.636790817	4.141709805	0.000891201	0.021388812	0.085555248	4.141709805
0.636802384	4.143213749	0.000902767	0.02166642	0.08666568	4.143213749
0.636813951	4.107121944	0.000914334	0.021944026	0.087776102	4.107121944
0.636825541	4.108720779	0.000925924	0.022222188	0.088888752	4.108720779
0.636837108	4.113259316	0.000937491	0.022499796	0.089999184	4.113259316
0.636848675	4.113720894	0.000949058	0.022777404	0.091109616	4.113720894
0.636860242	4.095998764	0.000960625	0.02305501	0.092220038	4.095998764
0.63687182	4.0758214	0.000972204	0.023332896	0.093331584	4.0758214
0.63688341	4.080221653	0.000983794	0.023611058	0.094444234	4.080221653
0.636894977	4.085225582	0.000995361	0.023888666	0.095554666	4.085225582
0.636906544	4.071764469	0.001006928	0.024166272	0.096665088	4.071764469
0.636918134	4.071943283	0.001018518	0.024444437	0.097777747	4.071943283
0.636929701	4.083053589	0.001030085	0.024722042	0.09888817	4.083053589
0.636941268	4.086877346	0.001041652	0.02499965	0.099998602	4.086877346
0.636952835	4.086611271	0.001053219	0.025277258	0.101109034	4.086611271
0.636964437	4.070509434	0.001064821	0.025555697	0.102222787	4.070509434
0.636975992	4.078336239	0.001076376	0.025833026	0.103332106	4.078336239
0.636987559	4.044268608	0.001087943	0.026110634	0.104442538	4.044268608
0.636999149	4.009032726	0.001099533	0.026388797	0.105555187	4.009032726
0.637010728	4.037761211	0.001111112	0.026666681	0.106666723	4.037761211
0.637022295	4.056161404	0.001122679	0.026944289	0.107777155	4.056161404
0.637033862	4.050105095	0.001134246	0.027221897	0.108887587	4.050105095
0.63704544	4.019674778	0.001145824	0.027499781	0.109999123	4.019674778
0.637057007	4.029293537	0.001157391	0.027777389	0.111109555	4.029293537
0.637068598	4.041294575	0.001168981	0.028055551	0.112222205	4.041294575
0.637080165	4.044857979	0.001180548	0.028333159	0.113332637	4.044857979
0.637091732	4.034729004	0.001192115	0.028610767	0.114443069	4.034729004
0.637103298	4.020907879	0.001203682	0.028888373	0.115553491	4.020907879
0.637114889	4.012778759	0.001215272	0.029166535	0.116666141	4.012778759
0.637126456	4.012046814	0.001226839	0.029444143	0.117776573	4.012046814
0.637138023	4.006956577	0.001238406	0.029721751	0.118887005	4.006956577
0.637149601	4.011925697	0.001249985	0.029999635	0.119998541	4.011925697
0.637161191	4.000644207	0.001261575	0.030277798	0.12111119	4.000644207
0.637172758	3.964730263	0.001273142	0.030555406	0.122221622	3.964730263
0.637184325	3.961159706	0.001284709	0.030833014	0.123332054	3.961159706
0.637195892	3.995072842	0.001296276	0.031110619	0.124442477	3.995072842
0.637207482	4.017602921	0.001307866	0.031388784	0.125555136	4.017602921
0.637219049	4.027270794	0.001319433	0.03166639	0.126665558	4.027270794
0.637230616	4.015508652	0.001331	0.031943998	0.12777599	4.015508652
0.637242195	4.000289917	0.001342578	0.032221882	0.128887526	4.000289917
0.637253785	4.008228779	0.001354169	0.032500044	0.130000176	4.008228779
0.637265352	3.975481033	0.001365735	0.032777652	0.131110608	3.975481033
0.637276919	3.983195782	0.001377303	0.03305526	0.13222104	3.983195782
0.637288486	3.991666794	0.001388869	0.033332868	0.133331472	3.991666794
0.637300076	3.983828783	0.00140046	0.03361103	0.134444122	3.983828783
0.637311643	3.976799727	0.001412026	0.033888636	0.135554544	3.976799727
0.63732321	3.977185249	0.001423593	0.034166244	0.136664976	3.977185249
0.637334788	3.95477438	0.001435172	0.034444128	0.137776512	3.95477438
0.637346378	3.947499991	0.001446762	0.034722293	0.138889171	3.947499991
0.637357945	3.953254461	0.001458329	0.034999898	0.139999594	3.953254461
0.637369512	3.955672503	0.001469896	0.035277506	0.141110026	3.955672503
0.637381079	3.960049629	0.001481463	0.035555114	0.142220458	3.960049629
0.637392669	3.972407341	0.001493053	0.035833277	0.143333107	3.972407341
0.637404236	3.970097303	0.00150462	0.036110882	0.14444353	3.970097303
0.637415803	3.965683937	0.001516187	0.03638849	0.145553962	3.965683937
0.637427382	3.951540232	0.001527766	0.036666377	0.146665507	3.951540232
0.637438949	3.941901207	0.001539333	0.036943982	0.14777593	3.941901207
0.637450539	3.943673849	0.001550923	0.037222145	0.148888579	3.943673849
0.637462106	3.929779291	0.00156249	0.037499753	0.149999011	3.929779291
0.637473696	3.939533711	0.00157408	0.037777915	0.151111661	3.939533711
0.637485263	3.953021526	0.001585647	0.038055523	0.152222093	3.953021526
0.63749683	3.94982338	0.001597214	0.038333131	0.153332525	3.94982338
0.637508397	3.947356224	0.001608781	0.038610737	0.154442947	3.947356224
0.637519976	3.936035395	0.001620359	0.038888623	0.155554493	3.936035395
0.637531542	3.925653696	0.001631926	0.039166229	0.156664915	3.925653696
0.637543133	3.927179098	0.001643516	0.039444391	0.157777565	3.927179098
0.637554723	3.937581778	0.001655106	0.039722554	0.158890214	3.937581778
0.637566267	3.951704502	0.00166665	0.039999607	0.159998429	3.951704502
0.637577857	3.945840836	0.00167824	0.04027777	0.161111078	3.945840836
0.637589447	3.951297045	0.00168983	0.040555932	0.162223728	3.951297045
0.637600991	3.935083628	0.001701374	0.040832983	0.163331933	3.935083628
0.637612569	3.92991662	0.001712953	0.04111087	0.164443478	3.92991662
0.637624136	3.933991671	0.00172452	0.041388475	0.165553901	3.933991671
0.637635726	3.952685595	0.00173611	0.04166664	0.16666656	3.952685595
0.637647293	3.948367119	0.001747677	0.041944246	0.167776982	3.948367119
0.63765886	3.951339006	0.001759244	0.042221854	0.168887414	3.951339006
0.63767045	3.91862464	0.001770834	0.042500016	0.170000064	3.91862464
0.637682017	3.925238371	0.001782401	0.042777624	0.171110496	3.925238371
0.637693584	3.925615072	0.001793968	0.04305523	0.172220918	3.925615072
0.637705163	3.94097352	0.001805546	0.043333116	0.173332464	3.94097352
0.63771673	3.951800585	0.001817114	0.043610724	0.174442896	3.951800585
0.63772832	3.944772244	0.001828704	0.043888886	0.175555546	3.944772244
0.637739898	3.92101121	0.001840282	0.04416677	0.176667082	3.92101121
0.637751454	3.903238535	0.001851837	0.0444441	0.1777764	3.903238535
0.637763044	3.901719809	0.001863428	0.044722262	0.17888905	3.901719809
0.637774611	3.906585217	0.001874995	0.04499987	0.179999482	3.906585217
0.637786201	3.914070368	0.001886585	0.045278033	0.181112131	3.914070368
0.637797756	3.909902573	0.00189814	0.045555362	0.18222145	3.909902573
0.637809323	3.918939829	0.001909707	0.04583297	0.183331882	3.918939829
0.637820913	3.929652691	0.001921297	0.046111133	0.184444531	3.929652691
0.63783248	3.918492794	0.001932864	0.046388738	0.185554954	3.918492794
0.637844047	3.911435366	0.001944431	0.046666346	0.186665386	3.911435366
0.637855637	3.915308476	0.001956021	0.046944509	0.187778035	3.915308476
0.637867204	3.924679995	0.001967588	0.047222117	0.188888467	3.924679995
0.637878771	3.912318707	0.001979155	0.047499725	0.189998899	3.912318707
0.637890362	3.913231611	0.001990745	0.047777887	0.191111549	3.913231611
0.637901928	3.90882349	0.002002312	0.048055493	0.192221971	3.90882349
0.637913495	3.905859947	0.002013879	0.048333101	0.193332403	3.905859947
0.637925086	3.909473181	0.002025469	0.048611263	0.194445053	3.909473181
0.637936641	3.919620276	0.002037025	0.048888593	0.195554371	3.919620276
0.637948231	3.933265686	0.002048615	0.049166755	0.196667021	3.933265686
0.637959798	3.920177221	0.002060182	0.049444363	0.197777453	3.920177221
0.637971388	3.911603689	0.002071772	0.049722526	0.198890102	3.911603689
0.637982955	3.906521082	0.002083339	0.050000134	0.200000534	3.906521082
0.637994522	3.911632776	0.002094906	0.050277742	0.201110966	3.911632776
0.638006089	3.918486357	0.002106473	0.050555347	0.202221389	3.918486357
0.638017679	3.914749861	0.002118063	0.05083351	0.203334038	3.914749861
0.638029235	3.889331579	0.002129618	0.051110839	0.204443357	3.889331579
0.638040825	3.87477994	0.002141208	0.051389002	0.205556006	3.87477994
0.638052392	3.881956101	0.002152775	0.05166661	0.206666438	3.881956101
0.638063959	3.891992807	0.002164342	0.051944218	0.20777687	3.891992807
0.638075549	3.880099535	0.002175933	0.05222238	0.20888952	3.880099535
0.638087116	3.890267849	0.002187499	0.052499988	0.209999952	3.890267849
0.638098683	3.905447483	0.002199066	0.052777594	0.211110374	3.905447483
0.63811025	3.918520689	0.002210633	0.053055202	0.212220806	3.918520689
0.638121828	3.921339274	0.002222212	0.053333086	0.213332342	3.921339274
0.638133418	3.916936636	0.002233802	0.05361125	0.214445002	3.916936636
0.638144985	3.911476135	0.002245369	0.053888856	0.215555424	3.911476135
0.638156575	3.920697928	0.002256959	0.054167018	0.216668074	3.920697928
0.638168142	3.939279318	0.002268526	0.054444626	0.217778506	3.939279318
0.638179709	3.934856653	0.002280093	0.054722234	0.218888938	3.934856653
0.638191276	3.908602715	0.00229166	0.05499984	0.21999936	3.908602715
0.638202843	3.89782548	0.002303227	0.055277448	0.221109792	3.89782548
0.638214422	3.902836561	0.002314806	0.055555334	0.222221338	3.902836561
0.638226012	3.895439863	0.002326396	0.055833497	0.223333987	3.895439863
0.638237579	3.907708645	0.002337963	0.056111102	0.22444441	3.907708645
0.638249146	3.907719135	0.00234953	0.05638871	0.225554842	3.907719135
0.638260736	3.912515879	0.00236112	0.056666873	0.226667491	3.912515879
0.638272303	3.899174213	0.002372687	0.056944481	0.227777923	3.899174213
0.63828387	3.899829149	0.002384254	0.057222089	0.228888355	3.899829149
0.638295437	3.89696312	0.002395821	0.057499694	0.229998778	3.89696312
0.638307015	3.873649597	0.002407399	0.057777581	0.231110323	3.873649597
0.638318606	3.883538485	0.002418989	0.058055743	0.232222973	3.883538485
0.638330173	3.887401819	0.002430556	0.058333351	0.233333405	3.887401819
0.638341739	3.887372732	0.002442123	0.058610957	0.234443827	3.887372732
0.63835333	3.901276827	0.002453713	0.058889119	0.235556477	3.901276827
0.638364897	3.900748968	0.00246528	0.059166727	0.236666909	3.900748968
0.638376464	3.890421152	0.002476847	0.059444335	0.237777341	3.890421152
0.63838803	3.910771132	0.002488414	0.059721941	0.238887763	3.910771132
0.638399632	3.908802509	0.002500016	0.060000382	0.240001526	3.908802509
0.638411199	3.887956142	0.002511583	0.06027799	0.241111958	3.887956142
0.638422766	3.896133661	0.00252315	0.060555598	0.24222239	3.896133661
0.638434333	3.886372805	0.002534717	0.060833203	0.243332813	3.886372805
0.638445923	3.862101317	0.002546307	0.061111366	0.244445462	3.862101317
0.63845749	3.857459545	0.002557874	0.061388974	0.245555894	3.857459545
0.63846908	3.810581684	0.002569464	0.061667136	0.246668544	3.810581684
0.638480647	3.811220408	0.002581031	0.061944744	0.247778976	3.811220408
0.638492203	3.847065449	0.002592586	0.062222074	0.248888294	3.847065449
0.638503793	3.857287645	0.002604177	0.062500236	0.250000944	3.857287645
0.63851536	3.839039087	0.002615743	0.062777844	0.251111376	3.839039087
0.638526927	3.861193657	0.00262731	0.06305545	0.252221798	3.861193657
0.638538494	3.893059492	0.002638877	0.063333058	0.25333223	3.893059492
0.638550084	3.887678385	0.002650467	0.06361122	0.25444488	3.887678385
0.638561651	3.890144348	0.002662035	0.063888828	0.255555312	3.890144348
0.638573218	3.89497757	0.002673601	0.064166436	0.256665744	3.89497757
0.638584796	3.898188353	0.00268518	0.06444432	0.25777728	3.898188353
0.638596386	3.903261423	0.00269677	0.064722482	0.25888993	3.903261423
0.638607953	3.914548159	0.002708337	0.06500009	0.260000362	3.914548159
0.63861952	3.922362566	0.002719904	0.065277698	0.261110794	3.922362566
0.638631087	3.922095776	0.002731471	0.065555304	0.262221216	3.922095776
0.638642677	3.92881155	0.002743061	0.065833466	0.263333866	3.92881155
0.638654244	3.929892778	0.002754628	0.066111074	0.264444298	3.929892778
0.638665811	3.936396122	0.002766195	0.06638868	0.26555472	3.936396122
0.63867739	3.939728022	0.002777773	0.066666564	0.266666256	3.939728022
0.63868898	3.938974857	0.002789364	0.066944726	0.267778906	3.938974857
0.638700547	3.946619272	0.002800931	0.067222334	0.268889338	3.946619272
0.638712114	3.958926201	0.002812498	0.06749994	0.26999976	3.958926201
0.638723681	3.970464468	0.002824064	0.067777548	0.271110192	3.970464468
0.638735271	3.979251385	0.002835655	0.06805571	0.272222842	3.979251385
0.638746838	3.986745119	0.002847221	0.068333316	0.273333264	3.986745119
0.638758405	3.9920187	0.002858788	0.068610924	0.274443696	3.9920187
0.638769983	3.997166157	0.002870367	0.068888808	0.275555232	3.997166157
0.638781573	4.003134728	0.002881957	0.06916697	0.276667882	4.003134728
0.63879314	4.010251045	0.002893524	0.069444578	0.277778314	4.010251045
0.638804707	4.014728546	0.002905091	0.069722184	0.278888736	4.014728546
0.638816274	4.019996643	0.002916658	0.069999792	0.279999168	4.019996643
0.638827864	4.028567791	0.002928248	0.070277954	0.281111818	4.028567791
0.638839431	4.03459549	0.002939815	0.07055556	0.28222224	4.03459549
0.638850998	4.042206287	0.002951382	0.070833168	0.283332672	4.042206287
0.6388626	4.048523426	0.002962984	0.071111606	0.284446426	4.048523426
0.638874144	4.054930687	0.002974527	0.071388658	0.28555463	4.054930687
0.638885734	4.059412003	0.002986118	0.07166682	0.28666728	4.059412003
0.638897301	4.066606045	0.002997684	0.071944428	0.287777712	4.066606045
0.638908868	4.071489811	0.003009251	0.072222034	0.288888134	4.071489811
0.638920458	4.076361179	0.003020842	0.072500196	0.290000784	4.076361179
0.638932025	4.079714298	0.003032408	0.072777804	0.291111216	4.079714298
0.638943592	4.082794666	0.003043975	0.07305541	0.292221638	4.082794666
0.638955193	4.085215092	0.003055577	0.07333385	0.293335402	4.085215092
0.638966737	4.088691235	0.003067121	0.073610902	0.294443606	4.088691235
0.638978327	4.091200352	0.003078711	0.073889064	0.295556256	4.091200352
0.638989894	4.094817638	0.003090278	0.07416667	0.296666678	4.094817638
0.639001461	4.098285675	0.003101845	0.074444278	0.29777711	4.098285675
0.639013051	4.104094505	0.003113435	0.07472244	0.29888976	4.104094505
0.639024618	4.027582645	0.003125002	0.075000046	0.300000182	4.027582645
0.639036208	3.858926058	0.003136592	0.075278208	0.301112832	3.858926058
0.639047764	3.836376429	0.003148147	0.075555538	0.30222215	3.836376429
0.639059331	3.853556395	0.003159714	0.075833146	0.303332582	3.853556395
0.639070921	3.816362143	0.003171305	0.076111308	0.304445232	3.816362143
0.639082488	3.833752871	0.003182871	0.076388914	0.305555654	3.833752871
0.639094055	3.834902525	0.003194438	0.076666522	0.306666086	3.834902525
0.639105645	3.826187849	0.003206028	0.076944684	0.307778736	3.826187849
0.639117212	3.844837427	0.003217595	0.07722229	0.308889158	3.844837427
0.639128779	3.866033077	0.003229162	0.077499898	0.30999959	3.866033077
0.639140357	3.88040781	0.003240741	0.077777782	0.311111126	3.88040781
0.639151924	3.891318798	0.003252308	0.078055387	0.312221549	3.891318798
0.639163514	3.895046473	0.003263898	0.07833355	0.313334198	3.895046473
0.639175081	3.880846262	0.003275465	0.078611158	0.31444463	3.880846262
0.639186648	3.864195347	0.003287032	0.078888763	0.315555053	3.864195347
0.639198238	3.863315105	0.003298622	0.079166926	0.316667702	3.863315105
0.639209805	3.829586029	0.003310189	0.079444534	0.317778134	3.829586029
0.639221372	3.823903322	0.003321756	0.079722139	0.318888557	3.823903322
0.639232962	3.834569693	0.003333346	0.080000302	0.320001206	3.834569693
0.639244529	3.845553398	0.003344913	0.08027791	0.321111638	3.845553398
0.639256096	3.85539937	0.00335648	0.080555515	0.322222061	3.85539937
0.639267686	3.84914875	0.00336807	0.080833678	0.32333471	3.84914875
0.639279242	3.850933313	0.003379625	0.081111007	0.324444029	3.850933313
0.639290832	3.84923768	0.003391215	0.08138917	0.325556678	3.84923768
0.639302399	3.848297596	0.003402782	0.081666775	0.326667101	3.848297596
0.639313966	3.827838182	0.003414349	0.081944383	0.327777533	3.827838182
0.639325556	3.851128817	0.003425939	0.082222546	0.328890182	3.851128817
0.639337123	3.852627516	0.003437506	0.082500151	0.330000605	3.852627516
0.63934869	3.852499962	0.003449073	0.082777759	0.331111037	3.852499962
0.63936028	3.868685007	0.003460663	0.083055922	0.332223686	3.868685007
0.639371835	3.875023127	0.003472219	0.083333251	0.333333005	3.875023127
0.639383425	3.872681618	0.003483809	0.083611414	0.334445654	3.872681618
0.639394992	3.859997988	0.003495376	0.083889019	0.335556077	3.859997988
0.639406559	3.850702524	0.003506943	0.084166627	0.336666509	3.850702524
0.639418149	3.846387386	0.003518533	0.084444787	0.337779149	3.846387386
0.639429716	3.847300768	0.0035301	0.084722395	0.338889581	3.847300768
0.639441283	3.856901407	0.003541667	0.085000003	0.340000013	3.856901407
0.639452873	3.870646954	0.003553257	0.085278163	0.341112653	3.870646954
0.639464428	3.874651909	0.003564812	0.085555493	0.342221971	3.874651909
0.639476019	3.866546631	0.003576402	0.085833655	0.343334621	3.866546631
0.639487586	3.862370729	0.003587969	0.086111263	0.344445053	3.862370729
0.639499152	3.869246006	0.003599536	0.086388869	0.345555475	3.869246006
0.639510743	3.872022629	0.003611126	0.086667031	0.346668125	3.872022629
0.63952231	3.876149178	0.003622693	0.086944639	0.347778557	3.876149178
0.639533876	3.879810095	0.00363426	0.087222245	0.348888979	3.879810095
0.639545443	3.872817278	0.003645827	0.087499853	0.349999411	3.872817278
0.639557022	3.86145401	0.003657406	0.087777737	0.351110947	3.86145401
0.639568612	3.855764389	0.003668996	0.088055899	0.352223597	3.855764389
0.639580179	3.859688282	0.003680563	0.088333505	0.353334019	3.859688282
0.639591746	3.855629683	0.00369213	0.088611113	0.354444451	3.855629683
0.639603336	3.843403816	0.00370372	0.088889275	0.355557101	3.843403816
0.639614903	3.840553284	0.003715287	0.089166881	0.356667523	3.840553284
0.63962647	3.844683647	0.003726854	0.089444489	0.357777955	3.844683647
0.639638037	3.857319355	0.003738421	0.089722094	0.358888378	3.857319355
0.639649639	3.85729456	0.003750022	0.090000535	0.360002141	3.85729456
0.639661206	3.852540255	0.003761589	0.090278143	0.361112573	3.852540255
0.639672772	3.845056772	0.003773156	0.090555749	0.362222995	3.845056772
0.639684339	3.843917608	0.003784723	0.090833357	0.363333427	3.843917608
0.63969593	3.821941137	0.003796313	0.091111519	0.364446077	3.821941137
0.639707496	3.801580429	0.00380788	0.091389125	0.365556499	3.801580429
0.639719063	3.817921639	0.003819447	0.091666733	0.366666931	3.817921639
0.63973063	3.826560497	0.003831014	0.091944338	0.367777354	3.826560497
0.639742209	3.839868784	0.003842593	0.092222222	0.36888889	3.839868784
0.639753799	3.827303886	0.003854183	0.092500385	0.370001539	3.827303886
0.639765366	3.830722332	0.00386575	0.092777993	0.371111971	3.830722332
0.639776933	3.843131781	0.003877317	0.093055598	0.372222394	3.843131781
0.639788523	3.85281992	0.003888907	0.093333761	0.373335043	3.85281992
0.63980009	3.848519564	0.003900474	0.093611369	0.374445475	3.848519564
0.639811657	3.833530903	0.003912041	0.093888974	0.375555898	3.833530903
0.639823224	3.839713574	0.003923608	0.094166582	0.37666633	3.839713574
0.639834802	3.838602305	0.003935186	0.094444466	0.377777866	3.838602305
0.639846392	3.830755711	0.003946776	0.094722629	0.378890515	3.830755711
0.639857959	3.827418566	0.003958343	0.095000234	0.380000938	3.827418566
0.639869526	3.822628975	0.00396991	0.095277842	0.38111137	3.822628975
0.639881093	3.824798584	0.003981477	0.09555545	0.382221802	3.824798584
0.639892683	3.826037645	0.003993067	0.09583361	0.383334442	3.826037645
0.63990425	3.832227469	0.004004634	0.096111218	0.384444874	3.832227469
0.639915818	3.828860283	0.004016201	0.096388831	0.385555325	3.828860283
0.639927396	3.808287859	0.00402778	0.096666725	0.386666899	3.808287859
0.639938987	3.801894665	0.004039371	0.096944894	0.387779578	3.801894665
0.639950554	3.816368818	0.004050938	0.097222507	0.388890029	3.816368818
0.639962144	3.812966108	0.004062528	0.097500677	0.390002707	3.812966108
0.639973689	3.826804638	0.004074072	0.097777735	0.391110941	3.826804638
0.639985279	3.824276209	0.004085663	0.098055905	0.392223619	3.824276209
0.639996846	3.830030203	0.00409723	0.09833352	0.39333408	3.830030203
0.640008437	3.818989992	0.00410882	0.09861169	0.394446758	3.818989992
0.640019992	3.830069304	0.004120376	0.098889024	0.395556096	3.830069304
0.640031583	3.834434032	0.004131966	0.099167194	0.396668774	3.834434032
0.64004315	3.840233564	0.004143534	0.099444809	0.397779235	3.840233564
0.640054717	3.854243517	0.004155101	0.099722422	0.398889686	3.854243517
0.640066284	3.852974892	0.004166668	0.100000037	0.400000147	3.852974892
0.640077875	3.849039555	0.004178259	0.100278206	0.401112826	3.849039555
0.640089442	3.852552652	0.004189826	0.100555822	0.402223286	3.852552652
0.640101032	3.856324673	0.004201416	0.100833989	0.403335955	3.856324673
0.640112588	3.86444521	0.004212972	0.101111326	0.404445302	3.86444521
0.640124179	3.874637842	0.004224562	0.101389495	0.405557981	3.874637842
0.640135746	3.871090889	0.00423613	0.10166711	0.406668442	3.871090889
0.640147313	3.874078274	0.004247697	0.101944723	0.407778893	3.874078274
0.64015888	3.877223969	0.004259264	0.102222338	0.408889354	3.877223969
0.640170471	3.878672123	0.004270854	0.102500508	0.410002032	3.878672123
0.640182038	3.884665966	0.004282422	0.102778121	0.411112483	3.884665966
0.640193605	3.878035307	0.004293989	0.103055736	0.412222944	3.878035307
0.640205184	3.905889034	0.004305568	0.103333627	0.413334509	3.905889034
0.640216751	3.887149334	0.004317135	0.103611242	0.41444497	3.887149334
0.640228342	3.833153725	0.004328725	0.103889412	0.415557648	3.833153725
0.640239909	3.82942605	0.004340293	0.104167025	0.416668099	3.82942605
0.640251476	3.827582359	0.00435186	0.10444464	0.41777856	3.827582359
0.640263067	3.83475852	0.00436345	0.10472281	0.418891238	3.83475852
0.640274634	3.838216782	0.004375018	0.105000422	0.42000169	3.838216782
0.640286201	3.850813389	0.004386585	0.105278038	0.42111215	3.850813389
0.640297803	3.844672442	0.004398187	0.105556483	0.422225933	3.844672442
0.640309347	3.839020491	0.004409731	0.105833544	0.423334176	3.839020491
0.640320938	4.016170025	0.004421321	0.106111714	0.424446854	4.016170025
0.640332505	4.046720505	0.004432889	0.106389326	0.425557306	4.046720505
0.640344072	3.270477057	0.004444456	0.106666942	0.426667766	3.270477057
0.640355663	3.473882675	0.004456046	0.106945111	0.427780445	3.473882675
0.64036723	3.542953491	0.004467614	0.107222724	0.428890896	3.542953491
0.640378797	3.575454712	0.004479181	0.107500339	0.430001357	3.575454712
0.640390376	3.627695799	0.00449076	0.10777823	0.431112922	3.627695799
0.640401943	3.681491852	0.004502327	0.108055843	0.432223373	3.681491852
0.640413533	3.69815135	0.004513917	0.108334013	0.433336051	3.69815135
0.640425101	3.697297335	0.004525485	0.108611628	0.434446512	3.697297335
0.640436668	3.732832909	0.004537052	0.108889241	0.435556963	3.732832909
0.640448258	3.883438349	0.004548642	0.10916741	0.436669642	3.883438349
0.640459837	3.860215664	0.004560221	0.109445304	0.437781216	3.860215664
0.640471404	3.809644938	0.004571788	0.109722917	0.438891667	3.809644938
0.640482972	3.798617125	0.004583356	0.110000532	0.440002128	3.798617125
0.640494539	3.678568602	0.004594923	0.110278145	0.441112579	3.678568602
0.640506129	3.724555254	0.004606513	0.110556314	0.442225258	3.724555254
0.640517697	3.816063404	0.00461808	0.11083393	0.443335718	3.816063404
0.640529264	3.790127277	0.004629648	0.111111542	0.44444617	3.790127277
0.640540854	3.754921675	0.004641238	0.111389712	0.445558848	3.754921675
0.640552422	3.808046818	0.004652805	0.111667327	0.446669309	3.808046818
0.640563989	3.988091946	0.004664372	0.11194494	0.44777976	3.988091946
0.640575568	4.936770916	0.004675951	0.112222834	0.448891334	4.936770916
0.640587158	3.962802887	0.004687542	0.112501003	0.450004013	3.962802887
0.640598725	4.231851578	0.004699109	0.112778616	0.451114464	4.231851578
0.640610293	4.429056644	0.004710676	0.113056231	0.452224925	4.429056644
0.64062186	4.484815121	0.004722243	0.113333844	0.453335376	4.484815121
0.64063345	4.637433529	0.004733834	0.113612014	0.454448054	4.637433529
0.640645017	4.649429798	0.004745401	0.113889629	0.455558515	4.649429798
0.640656585	5.77315712	0.004756968	0.114167242	0.456668966	5.77315712
0.640668175	7.089911938	0.004768559	0.114445411	0.457781645	7.089911938
0.640679742	7.090295792	0.004780126	0.114723026	0.458892106	7.090295792
0.640691333	7.090263367	0.004791716	0.115001196	0.460004784	7.090263367
0.6407029	7.090367317	0.004803284	0.115278809	0.461115235	7.090367317
0.640714456	7.089774609	0.004814839	0.115556146	0.462224582	7.089774609
0.640726046	7.089986801	0.00482643	0.115834315	0.463337261	7.089986801
0.640737613	7.090184212	0.004837997	0.11611193	0.464447722	7.090184212
0.640749181	7.089983463	0.004849564	0.116389543	0.465558173	7.089983463
0.640760771	7.090191364	0.004861155	0.116667713	0.466670851	7.090191364
0.640772338	7.089578152	0.004872722	0.116945328	0.467781312	7.089578152
0.640783905	7.090126991	0.004884289	0.117222941	0.468891763	7.090126991
0.640795496	7.090302944	0.00489588	0.11750111	0.470004442	7.090302944
0.640807052	7.090564728	0.004907435	0.117778447	0.471113789	7.090564728
0.640818642	7.09043932	0.004919026	0.118056617	0.472226467	7.09043932
0.640830209	7.090471268	0.004930593	0.11833423	0.473336918	7.090471268
0.640841776	7.090065956	0.00494216	0.118611845	0.474447379	7.090065956
0.640853367	7.090166569	0.004953751	0.118890014	0.475560058	7.090166569
0.640864934	7.089882851	0.004965318	0.119167627	0.476670509	7.089882851
0.640876501	7.090080738	0.004976885	0.119445242	0.47778097	7.090080738
0.640888092	7.089915276	0.004988476	0.119723412	0.478893648	7.089915276
0.640899647	7.090004921	0.005000031	0.120000749	0.480002995	7.090004921
0.640911238	7.089943886	0.005011622	0.120278918	0.481115674	7.089943886
0.640922805	7.089900971	0.005023189	0.120556531	0.482226125	7.089900971
0.640934395	7.090041161	0.005034779	0.120834701	0.483338803	7.090041161
0.640945963	7.08944273	0.005046347	0.121112316	0.484449264	7.08944273
0.64095753	7.089545727	0.005057914	0.121389929	0.485559715	7.089545727
0.640969097	7.089564323	0.005069481	0.121667544	0.486670176	7.089564323
0.640980664	7.089775085	0.005081048	0.121945157	0.487780627	7.089775085
0.640992243	7.089706898	0.005092627	0.12222305	0.488892202	7.089706898
0.641003834	7.089893818	0.005104218	0.12250122	0.49000488	7.089893818
0.641015401	7.090040684	0.005115785	0.122778833	0.491115331	7.090040684
0.641026968	7.090130806	0.005127352	0.123056448	0.492225792	7.090130806
0.641038559	7.090241909	0.005138942	0.123334618	0.49333847	7.090241909
0.641050126	7.089621544	0.00515051	0.12361223	0.494448922	7.089621544
0.641061693	7.090033531	0.005162077	0.123889846	0.495559382	7.090033531
0.64107326	7.09034586	0.005173644	0.124167458	0.496669834	7.09034586
0.641084839	7.090123177	0.005185223	0.12444535	0.497781398	7.090123177
0.641096418	7.090188026	0.005196802	0.124723243	0.498892973	7.090188026
0.641107985	7.089882851	0.005208369	0.125000856	0.500003424	7.089882851
0.641119576	7.089901447	0.005219959	0.125279026	0.501116102	7.089901447
0.641131154	7.089993477	0.005231538	0.125556917	0.502227667	7.089993477
0.641142722	7.090493202	0.005243105	0.125834532	0.503338128	7.090493202
0.641154289	7.089757919	0.005254673	0.126112147	0.504448589	7.089757919
0.641165856	7.089944363	0.00526624	0.12638976	0.50555904	7.089944363
0.641177435	7.089835167	0.005277819	0.126667651	0.506670605	7.089835167
0.641189025	7.090141296	0.005289409	0.126945821	0.507783283	7.090141296
0.641200593	7.089886665	0.005300976	0.127223436	0.508893744	7.089886665
0.64121216	7.090213299	0.005312544	0.127501049	0.510004195	7.090213299
0.64122375	7.090058804	0.005324134	0.127779218	0.511116874	7.090058804
0.641235318	7.090493202	0.005335701	0.128056834	0.512227334	7.090493202
0.641246885	7.090095043	0.005347269	0.128334446	0.513337786	7.090095043
0.641258452	7.090643883	0.005358836	0.128612062	0.514448246	7.090643883
0.641270031	7.090446472	0.005370415	0.128889953	0.515559811	7.090446472
0.641281621	7.089753628	0.005382005	0.129168122	0.51667249	7.089753628
0.641293189	7.089643002	0.005393572	0.129445738	0.51778295	7.089643002
0.641304756	7.090188026	0.00540514	0.12972335	0.518893402	7.090188026
0.641316323	7.089872837	0.005416707	0.130000966	0.520003862	7.089872837
0.641327914	7.089484692	0.005428297	0.130279135	0.521116541	7.089484692
0.641339504	7.089775562	0.005439888	0.130557305	0.522229219	7.089775562
0.641351048	7.089635372	0.005451432	0.130834363	0.523337453	7.089635372
0.641362627	7.089907646	0.005463011	0.131112254	0.524449018	7.089907646
0.641374217	7.089567661	0.005474601	0.131390424	0.525561696	7.089567661
0.641385785	7.088906765	0.005486168	0.131668039	0.526672157	7.088906765
0.641397352	7.08941412	0.005497735	0.131945652	0.527782608	7.08941412
0.641408919	7.089126587	0.005509303	0.132223267	0.528893069	7.089126587
0.641420509	7.089044094	0.005520893	0.132501437	0.530005747	7.089044094
0.641432077	7.089528084	0.00553246	0.13277905	0.531116198	7.089528084
0.641443644	7.088864327	0.005544028	0.133056665	0.532226659	7.088864327
0.641455246	7.089429855	0.00555563	0.13333511	0.533340442	7.089429855
0.641466813	7.089595795	0.005567197	0.133612726	0.534450902	7.089595795
0.64147838	7.089452744	0.005578764	0.133890338	0.535561354	7.089452744
0.641489971	7.08973217	0.005590355	0.134168508	0.536674032	7.08973217
0.641501515	7.089212418	0.005601899	0.134445569	0.537782275	7.089212418
0.641513105	7.089847565	0.005613489	0.134723736	0.538894944	7.089847565
0.641524673	7.089502811	0.005625056	0.135001351	0.540005405	7.089502811
0.64153624	7.090102196	0.005636624	0.135278966	0.541115866	7.090102196
0.641547819	7.089498043	0.005648202	0.135556858	0.54222743	7.089498043
0.641559409	7.089358807	0.005659793	0.135835027	0.543340109	7.089358807
0.641570976	7.089391232	0.00567136	0.13611264	0.54445056	7.089391232
0.641582544	7.089764595	0.005682927	0.136390255	0.545561021	7.089764595
0.641594111	7.089840412	0.005694495	0.136667868	0.546671472	7.089840412
0.641605701	7.089237213	0.005706085	0.136946038	0.54778415	7.089237213
0.641617292	7.089600086	0.005717675	0.137224207	0.548896829	7.089600086
0.641628859	7.089560032	0.005729243	0.137501822	0.55000729	7.089560032
0.641640415	7.089502335	0.005740798	0.137779159	0.551116637	7.089502335
0.641651982	7.089567661	0.005752366	0.138056772	0.552227088	7.089567661
0.641663572	7.088620663	0.005763956	0.138334942	0.553339766	7.088620663
0.641675139	7.089492321	0.005775523	0.138612557	0.554450227	7.089492321
0.641686707	7.089571476	0.00578709	0.13889017	0.555560678	7.089571476
0.641698297	7.090252399	0.005798681	0.139168339	0.556673357	7.090252399
0.641709887	7.090177059	0.005810271	0.139446509	0.557786035	7.090177059
0.641721432	7.089793682	0.005821815	0.139723567	0.558894269	7.089793682
0.64173301	7.08955574	0.005833394	0.140001461	0.560005843	7.08955574
0.641744578	7.089660645	0.005844961	0.140279074	0.561116294	7.089660645
0.641756168	7.089854717	0.005856552	0.140557243	0.562228973	7.089854717
0.641767747	7.089706421	0.005868131	0.140835134	0.563340538	7.089706421
0.641779303	7.08935833	0.005879686	0.141112471	0.564449885	7.08935833
0.641790893	7.089911461	0.005891277	0.141390641	0.565562563	7.089911461
0.641802472	7.089828491	0.005902856	0.141668532	0.566674128	7.089828491
0.641814039	7.089553356	0.005914423	0.141946147	0.567784589	7.089553356
0.641825606	7.088907719	0.00592599	0.14222376	0.56889504	7.088907719
0.641837174	7.088815212	0.005937557	0.142501375	0.570005501	7.088815212
0.641848764	7.089169025	0.005949148	0.142779545	0.571118179	7.089169025
0.641860331	7.088929176	0.005960715	0.143057158	0.57222863	7.088929176
0.641871898	7.08943224	0.005972282	0.143334773	0.573339091	7.08943224
0.641883489	7.089186192	0.005983873	0.143612942	0.57445177	7.089186192
0.641895056	7.089499474	0.00599544	0.143890555	0.575562221	7.089499474
0.641906623	7.089682579	0.006007007	0.14416817	0.576672682	7.089682579
0.641918202	7.089782238	0.006018586	0.144446062	0.577784246	7.089782238
0.641929769	7.089753628	0.006030153	0.144723677	0.578894707	7.089753628
0.64194136	7.088828564	0.006041744	0.145001846	0.580007386	7.088828564
0.641952927	7.089643002	0.006053311	0.145279459	0.581117837	7.089643002
0.641964494	7.089682579	0.006064878	0.145557074	0.582228298	7.089682579
0.641976085	7.089983463	0.006076468	0.145835244	0.583340976	7.089983463
0.641987652	7.089646339	0.006088036	0.146112857	0.584451427	7.089646339
0.641999219	7.088982105	0.006099603	0.146390472	0.585561888	7.088982105
0.64201081	7.089614391	0.006111193	0.146668642	0.586674566	7.089614391
0.642022377	7.089384079	0.006122761	0.146946254	0.587785018	7.089384079
0.642033967	7.089775562	0.006134351	0.147224424	0.588897696	7.089775562
0.642045535	7.089481831	0.006145918	0.147502039	0.590008157	7.089481831
0.64205709	7.088904858	0.006157474	0.147779376	0.591117504	7.088904858
0.642068681	7.089563847	0.006169064	0.148057546	0.592230182	7.089563847
0.642080248	7.089470387	0.006180632	0.148335158	0.593340634	7.089470387
0.642091815	7.089811325	0.006192199	0.148612774	0.594451094	7.089811325
0.642103406	7.089046955	0.006203789	0.148890943	0.595563773	7.089046955
0.642114973	7.089140892	0.006215356	0.149168556	0.596674224	7.089140892
0.64212654	7.089908123	0.006226924	0.149446171	0.597784685	7.089908123
0.64213813	7.089998245	0.006238514	0.149724341	0.598897363	7.089998245
0.642149686	7.090349197	0.00625007	0.150001678	0.60000671	7.090349197
0.642161277	7.090202332	0.00626166	0.150279847	0.601119389	7.090202332
0.642172844	7.089528084	0.006273228	0.15055746	0.60222984	7.089528084
0.642184411	7.089711189	0.006284795	0.150835075	0.603340301	7.089711189
0.642196001	7.089377403	0.006296385	0.151113242	0.60445297	7.089377403
0.642207569	7.089846611	0.006307952	0.151390858	0.60556343	7.089846611
0.642219136	7.088534355	0.00631952	0.151668473	0.606673891	7.088534355
0.642230726	7.089369774	0.00633111	0.15194664	0.60778656	7.089369774
0.642242305	7.089638233	0.006342689	0.152224534	0.608898134	7.089638233
0.642253872	7.089600086	0.006354256	0.152502146	0.610008586	7.089600086
0.64226544	7.089735508	0.006365823	0.152779762	0.611119046	7.089735508
0.642277007	7.088781357	0.006377391	0.153057374	0.612229498	7.088781357
0.642288597	7.089165688	0.006388981	0.153335544	0.613342176	7.089165688
0.642300165	7.08898592	0.006400548	0.153613159	0.614452637	7.08898592
0.642311732	7.089507103	0.006412115	0.153890772	0.615563088	7.089507103
0.642323299	7.089480877	0.006423683	0.154168387	0.616673549	7.089480877
0.642334878	7.089293957	0.006435262	0.154446278	0.617785114	7.089293957
0.642346468	7.08935976	0.006446852	0.154724448	0.618897792	7.08935976
0.642358036	7.08976078	0.006458419	0.155002063	0.620008253	7.08976078
0.642369603	7.089668274	0.006469986	0.155279676	0.621118704	7.089668274
0.642381193	7.088838577	0.006481577	0.155557846	0.622231382	7.088838577
0.64239276	7.089166641	0.006493144	0.155835461	0.623341843	7.089166641
0.642404328	7.089412689	0.006504711	0.156113074	0.624452294	7.089412689
0.642415895	7.089883328	0.006516279	0.156390689	0.625562755	7.089883328
0.642427474	7.090022564	0.006527857	0.15666858	0.62667432	7.090022564
0.642439064	7.08911562	0.006539448	0.15694675	0.627786998	7.08911562
0.642450631	7.089448452	0.006551015	0.157224365	0.628897459	7.089448452
0.642462199	7.089851379	0.006562582	0.157501978	0.63000791	7.089851379
0.642473789	7.089717388	0.006574173	0.157780147	0.631120589	7.089717388
0.642485356	7.089886665	0.00658574	0.158057762	0.63223105	7.089886665
0.642496924	7.089118958	0.006597307	0.158335375	0.633341501	7.089118958
0.642508491	7.089836597	0.006608875	0.15861299	0.634451962	7.089836597
0.64252007	7.089788914	0.006620453	0.158890882	0.635563526	7.089788914
0.64253166	7.089682579	0.006632044	0.159169051	0.636676205	7.089682579
0.642543227	7.089524269	0.006643611	0.159446664	0.637786656	7.089524269
0.642554795	7.088552475	0.006655178	0.159724279	0.638897117	7.088552475
0.642566385	7.089549065	0.006666769	0.160002449	0.640009795	7.089549065
0.642577952	7.089570999	0.006678336	0.160280064	0.641120256	7.089570999
0.642589519	7.090055466	0.006689903	0.160557677	0.642230707	7.090055466
0.642601087	7.090156078	0.006701471	0.160835292	0.643341168	7.090156078
0.642612666	7.089774609	0.006713049	0.161113183	0.644452733	7.089774609
0.642624256	7.089477539	0.00672464	0.161391353	0.645565411	7.089477539
0.642635823	7.089374065	0.006736207	0.161668966	0.646675862	7.089374065
0.64264739	7.08981514	0.006747774	0.161946581	0.647786323	7.08981514
0.642658958	7.089148045	0.006759341	0.162224194	0.648896774	7.089148045
0.642670548	7.089186668	0.006770932	0.162502363	0.650009453	7.089186668
0.642682115	7.089664459	0.006782499	0.162779978	0.651119914	7.089664459
0.642693706	7.089617252	0.006794089	0.163058148	0.652232592	7.089617252
0.642705261	7.089875698	0.006805645	0.163335485	0.653341939	7.089875698
0.642716852	7.088814259	0.006817236	0.163613654	0.654454618	7.088814259
0.642728419	7.089226246	0.006828803	0.163891267	0.655565069	7.089226246
0.642739986	7.089094639	0.00684037	0.164168882	0.65667553	7.089094639
0.642751554	7.088924885	0.006851937	0.164446495	0.657785981	7.088924885
0.642763144	7.0899086	0.006863528	0.164724665	0.658898659	7.0899086
0.642774711	7.089212418	0.006875095	0.16500228	0.66000912	7.089212418
0.642786278	7.089424133	0.006886662	0.165279893	0.661119571	7.089424133
0.642797857	7.089688301	0.006898241	0.165557786	0.662231146	7.089688301
0.642809448	7.089890003	0.006909831	0.165835954	0.663343814	7.089890003
0.642821015	7.090008736	0.006921399	0.166113569	0.664454275	7.090008736
0.642832582	7.08889246	0.006932966	0.166391184	0.665564736	7.08889246
0.642844149	7.089507103	0.006944533	0.166668797	0.666675187	7.089507103
0.64285574	7.089602947	0.006956124	0.166946966	0.667787866	7.089602947
0.642867307	7.08981514	0.006967691	0.167224582	0.668898326	7.08981514
0.642878874	7.089108467	0.006979258	0.167502194	0.670008778	7.089108467
0.642890453	7.089301109	0.006990837	0.167780086	0.671120342	7.089301109
0.642902044	7.090019703	0.007002427	0.168058255	0.672233021	7.090019703
0.642913611	7.089743137	0.007013995	0.16833587	0.673343482	7.089743137
0.642925201	7.089585304	0.007025585	0.16861404	0.67445616	7.089585304
0.642936768	7.089425564	0.007037152	0.168891653	0.675566611	7.089425564
0.642948336	7.088968754	0.007048719	0.169169268	0.676677072	7.088968754
0.642959903	7.089484692	0.007060287	0.169446881	0.677787523	7.089484692
0.64297147	7.089398861	0.007071854	0.169724496	0.678897984	7.089398861
0.642983049	7.089839459	0.007083433	0.170002387	0.680009549	7.089839459
0.642994616	7.08924818	0.007095	0.170280002	0.68112001	7.08924818
0.643006207	7.089387894	0.00710659	0.170558172	0.682232688	7.089387894
0.643017774	7.089139938	0.007118158	0.170835785	0.683343139	7.089139938
0.643029341	7.089972973	0.007129725	0.1711134	0.6844536	7.089972973
0.643040932	7.090169907	0.007141315	0.17139157	0.685566278	7.090169907
0.643052499	7.090188026	0.007152883	0.171669182	0.68667673	7.090188026
0.643064066	7.089402199	0.00716445	0.171946798	0.68778719	7.089402199
0.643075645	7.089767456	0.007176029	0.172224689	0.688898755	7.089767456
0.643087212	7.090120316	0.007187596	0.172502304	0.690009216	7.090120316
0.643098803	7.08976841	0.007199186	0.172780474	0.691121894	7.08976841
0.64311037	7.08923769	0.007210754	0.173058086	0.692232346	7.08923769
0.643121937	7.089424133	0.007222321	0.173335702	0.693342806	7.089424133
0.643133528	7.089356422	0.007233911	0.173613871	0.694455485	7.089356422
0.643145095	7.089542866	0.007245479	0.173891484	0.695565936	7.089542866
0.643156662	7.089254856	0.007257046	0.174169099	0.696676397	7.089254856
0.643168264	7.088846684	0.007268648	0.174447545	0.697790179	7.088846684
0.643179808	7.089148045	0.007280192	0.174724606	0.698898422	7.089148045
0.643191398	7.088393688	0.007291782	0.175002773	0.700011091	7.088393688
0.643202966	7.089517593	0.00730335	0.175280388	0.701121552	7.089517593
0.643214533	7.089272976	0.007314917	0.175558003	0.702232013	7.089272976
0.643226123	7.088964939	0.007326507	0.17583617	0.703344682	7.088964939
0.643237691	7.089643002	0.007338074	0.176113786	0.704455142	7.089643002
0.643249258	7.089610577	0.007349642	0.176391401	0.705565603	7.089610577
0.643260837	7.089441299	0.00736122	0.176669292	0.706677168	7.089441299
0.643272404	7.08917284	0.007372788	0.176946905	0.707787619	7.08917284
0.643283994	7.089485169	0.007384378	0.177225074	0.708900298	7.089485169
0.643295562	7.089517117	0.007395945	0.17750269	0.710010758	7.089517117
0.643307129	7.089517593	0.007407513	0.177780302	0.71112121	7.089517593
0.643318719	7.08955574	0.007419103	0.178058472	0.712233888	7.08955574
0.643330287	7.088968754	0.00743067	0.178336087	0.713344349	7.088968754
0.643341854	7.089502811	0.007442237	0.1786137	0.7144548	7.089502811
0.643353433	7.089559555	0.007453816	0.178891594	0.715566374	7.089559555
0.643365	7.089485169	0.007465384	0.179169206	0.716676826	7.089485169
0.64337659	7.089969158	0.007476974	0.179447376	0.717789504	7.089969158
0.643388157	7.089004993	0.007488541	0.179724989	0.718899955	7.089004993
0.643399725	7.089553356	0.007500108	0.180002599	0.720010397	7.089553356
0.643411315	7.089374065	0.007511699	0.180280766	0.721123066	7.089374065
0.643422882	7.089943886	0.007523266	0.180558379	0.722233517	7.089943886
0.643434449	7.089309216	0.007534833	0.18083599	0.723343958	7.089309216
0.643446039	7.088997364	0.007546423	0.181114157	0.724456627	7.088997364
0.643457607	7.089478016	0.00755799	0.18139177	0.725567078	7.089478016
0.643469174	7.089664459	0.007569557	0.18166938	0.72667752	7.089664459
0.643480764	7.090453625	0.007581148	0.181947547	0.727790189	7.090453625
0.64349232	7.090241432	0.007592703	0.182224882	0.728899526	7.090241432
0.64350391	7.089556217	0.007604294	0.182503049	0.730012195	7.089556217
0.643515477	7.089363098	0.007615861	0.182780659	0.731122637	7.089363098
0.643527044	7.089600086	0.007627428	0.183058272	0.732233088	7.089600086
0.643538635	7.090202332	0.007639018	0.183336439	0.733345757	7.090202332
0.643550202	7.088971615	0.007650585	0.18361405	0.734456198	7.088971615
0.643561792	7.089502811	0.007662176	0.183892217	0.735568867	7.089502811
0.643573359	7.089358807	0.007673743	0.184169827	0.736679309	7.089358807
0.643584915	7.089540958	0.007685298	0.184447162	0.737788646	7.089540958
0.643596505	7.089678764	0.007696889	0.184725329	0.738901315	7.089678764
0.643608072	7.088720322	0.007708456	0.185002942	0.740011766	7.088720322
0.643619639	7.089263439	0.007720023	0.185280552	0.741122208	7.089263439
0.64363123	7.088935375	0.007731613	0.185558719	0.742234877	7.088935375
0.643642797	7.088989258	0.007743181	0.185836332	0.743345328	7.088989258
0.643654364	7.089822292	0.007754748	0.186113942	0.74445577	7.089822292
0.643665954	7.089216709	0.007766338	0.18639211	0.745568438	7.089216709
0.64367751	7.089411736	0.007777894	0.186669444	0.746677776	7.089411736
0.6436891	7.089653492	0.007789484	0.186947611	0.747790445	7.089653492
0.643700667	7.090051651	0.007801051	0.187225222	0.748900886	7.090051651
0.643712234	7.089922905	0.007812618	0.187502834	0.750011338	7.089922905
0.643723825	7.089172363	0.007824208	0.187780999	0.751123997	7.089172363
0.643735392	7.089541912	0.007835776	0.188058612	0.752234448	7.089541912
0.643746959	7.089514256	0.007847343	0.188336225	0.753344899	7.089514256
0.643758526	7.090062618	0.00785891	0.188613835	0.754455341	7.090062618
0.643770105	7.089146614	0.007870488	0.188891724	0.755566896	7.089146614
0.643781695	7.089370251	0.007882079	0.189169891	0.756679565	7.089370251
0.643793262	7.089362621	0.007893646	0.189447504	0.757790016	7.089362621
0.643804829	7.089578629	0.007905213	0.189725114	0.758900458	7.089578629
0.64381642	7.089958191	0.007916803	0.190003282	0.760013126	7.089958191
0.643827987	7.089363098	0.007928371	0.190280894	0.761123578	7.089363098
0.643839577	7.089287281	0.007939961	0.190559059	0.762236237	7.089287281
0.643851121	7.089204788	0.007951505	0.190836118	0.76334447	7.089204788
0.6438627	7.089642525	0.007963084	0.191114006	0.764456026	7.089642525
0.64387429	7.089940548	0.007974674	0.191392174	0.765568694	7.089940548
0.643885857	7.089007855	0.007986241	0.191669784	0.766679136	7.089007855
0.643897424	7.089384556	0.007997808	0.191947397	0.767789587	7.089384556
0.643909015	7.089419842	0.008009398	0.192225564	0.768902256	7.089419842
0.643920582	7.089457035	0.008020966	0.192503174	0.770012698	7.089457035
0.643932172	7.090177536	0.008032556	0.192781342	0.771125366	7.090177536
0.643943716	7.08993721	0.0080441	0.193058398	0.77223359	7.08993721
0.643955295	7.089336395	0.008055679	0.193336286	0.773345146	7.089336395
0.643966885	7.089441776	0.008067269	0.193614454	0.774457814	7.089441776
0.643978452	7.089714527	0.008078836	0.193892066	0.775568266	7.089714527
0.643990043	7.089671135	0.008090426	0.194170234	0.776680934	7.089671135
0.64400161	7.088846684	0.008101993	0.194447844	0.777791376	7.088846684
0.644013177	7.089606285	0.008113561	0.194725457	0.778901827	7.089606285
0.644024744	7.089392185	0.008125128	0.195003067	0.780012269	7.089392185
0.644036311	7.08969307	0.008136695	0.19528068	0.78112272	7.08969307
0.64404789	7.089429855	0.008148274	0.195558569	0.782234275	7.089429855
0.64405948	7.089251995	0.008159864	0.195836736	0.783346944	7.089251995
0.644071047	7.089419842	0.008171431	0.196114346	0.784457386	7.089419842
0.644082615	7.08845377	0.008182998	0.196391959	0.785567837	7.08845377
0.644094182	7.089602947	0.008194565	0.19666957	0.786678278	7.089602947
0.644105772	7.088868141	0.008206156	0.196947737	0.787790947	7.088868141
0.644117339	7.089330673	0.008217723	0.19722535	0.788901398	7.089330673
0.644128929	7.089122772	0.008229313	0.197503514	0.790014058	7.089122772
0.644140485	7.08956337	0.008240869	0.197780849	0.791123395	7.08956337
0.644152075	7.089893818	0.008252459	0.198059016	0.792236064	7.089893818
0.644163642	7.089158535	0.008264026	0.198336629	0.793346515	7.089158535
0.64417521	7.089208126	0.008275593	0.198614239	0.794456957	7.089208126
0.644186777	7.089166641	0.008287161	0.198891852	0.795567408	7.089166641
0.644198367	7.089929581	0.008298751	0.199170019	0.796680077	7.089929581
0.644209934	7.089832783	0.008310318	0.19944763	0.797790518	7.089832783
0.644221513	7.089182377	0.008321897	0.199725518	0.798902074	7.089182377
0.64423308	7.089380741	0.008333464	0.200003131	0.800012525	7.089380741
0.64424467	7.089398861	0.008345054	0.200281298	0.801125194	7.089398861
0.644256237	7.089574337	0.008356621	0.200558909	0.802235635	7.089574337
0.644267805	7.089757919	0.008368188	0.200836522	0.803346086	7.089757919
0.644279395	7.08899641	0.008379779	0.201114689	0.804458755	7.08899641
0.644290962	7.089384556	0.008391346	0.201392299	0.805569197	7.089384556
0.644302529	7.089502335	0.008402913	0.201669912	0.806679648	7.089502335
0.644314096	7.089718819	0.00841448	0.201947522	0.80779009	7.089718819
0.644325675	7.089724541	0.008426059	0.202225411	0.808901645	7.089724541
0.644337265	7.088717461	0.008437649	0.202503578	0.810014314	7.088717461
0.644348833	7.089391708	0.008449216	0.202781191	0.811124765	7.089391708
0.6443604	7.08989048	0.008460783	0.203058802	0.812235206	7.08989048
0.644371967	7.090069771	0.008472351	0.203336414	0.813345658	7.090069771
0.644383557	7.090137959	0.008483941	0.203614582	0.814458326	7.090137959
0.644395124	7.089510441	0.008495508	0.203892192	0.815568768	7.089510441
0.644406691	7.089667797	0.008507075	0.204169805	0.816679219	7.089667797
0.644418293	7.089437008	0.008518677	0.204448248	0.817792992	7.089437008
0.644429837	7.089682579	0.008530221	0.204725304	0.818901216	7.089682579
0.644441428	7.089125633	0.008541811	0.205003471	0.820013885	7.089125633
0.644452995	7.089388371	0.008553378	0.205281084	0.821124336	7.089388371
0.644464562	7.089411259	0.008564946	0.205558694	0.822234778	7.089411259
0.644476152	7.089584827	0.008576536	0.205836862	0.823347446	7.089584827
0.644487719	7.089657307	0.008588103	0.206114474	0.824457898	7.089657307
0.64449931	7.088627815	0.008599693	0.206392642	0.825570566	7.088627815
0.644510865	7.089214325	0.008611249	0.206669974	0.826679894	7.089214325
0.644522432	7.089275837	0.008622816	0.206947586	0.827790346	7.089275837
0.644534023	7.088906765	0.008634406	0.207225754	0.828903014	7.088906765
0.64454559	7.089818955	0.008645973	0.207503364	0.830013456	7.089818955
0.644557157	7.088785648	0.008657541	0.207780977	0.831123907	7.088785648
0.644568736	7.089477539	0.008669119	0.208058866	0.832235462	7.089477539
0.644580326	7.089667797	0.00868071	0.208337033	0.833348131	7.089667797
0.644591893	7.08968544	0.008692277	0.208614643	0.834458573	7.08968544
0.64460346	7.08931303	0.008703844	0.208892256	0.835569024	7.08931303
0.644615027	7.089159012	0.008715411	0.209169866	0.836679466	7.089159012
0.644626618	7.089484692	0.008727001	0.209448034	0.837792134	7.089484692
0.644638185	7.089653492	0.008738569	0.209725646	0.838902586	7.089653492
0.644649752	7.089980125	0.008750136	0.210003257	0.840013027	7.089980125
0.644661342	7.089118481	0.008761726	0.210281424	0.841125696	7.089118481
0.644672909	7.089094639	0.008773293	0.210559037	0.842236147	7.089094639
0.644684477	7.089452744	0.00878486	0.210836647	0.843346589	7.089452744
0.644696055	7.089612961	0.008796439	0.211114536	0.844458144	7.089612961
0.644707622	7.089743614	0.008808006	0.211392149	0.845568595	7.089743614
0.644719213	7.088824272	0.008819596	0.211670316	0.846681264	7.088824272
0.64473078	7.089231014	0.008831164	0.211947926	0.847791706	7.089231014
0.64474237	7.089667797	0.008842754	0.212226094	0.848904374	7.089667797
0.644753937	7.089502811	0.008854321	0.212503706	0.850014826	7.089502811
0.644765504	7.090205669	0.008865888	0.212781317	0.851125267	7.090205669
0.644777072	7.088994503	0.008877455	0.21305893	0.852235718	7.088994503
0.644788662	7.089541912	0.008889046	0.213337097	0.853348387	7.089541912
0.644800229	7.089563847	0.008900613	0.213614707	0.854458829	7.089563847
0.644811796	7.090054989	0.00891218	0.21389232	0.85556928	7.090054989
0.644823386	7.090180874	0.00892377	0.214170485	0.856681939	7.090180874
0.644834965	7.089670658	0.008935349	0.214448376	0.857793504	7.089670658
0.644846532	7.089380264	0.008946916	0.214725986	0.858903946	7.089380264
0.6448581	7.089352131	0.008958483	0.215003599	0.860014397	7.089352131
0.644869667	7.08987236	0.00897005	0.21528121	0.861124838	7.08987236
0.644881257	7.089327335	0.008981641	0.215559377	0.862237507	7.089327335
0.644892824	7.089122295	0.008993208	0.21583699	0.863347958	7.089122295
0.644904391	7.089251995	0.009004775	0.2161146	0.8644584	7.089251995
0.644915982	7.089437962	0.009016365	0.216392767	0.865571069	7.089437962
0.644927537	7.089728355	0.009027921	0.216670102	0.866680406	7.089728355
0.644939127	7.089104652	0.009039511	0.216948269	0.867793075	7.089104652
0.644950695	7.089380741	0.009051078	0.217225879	0.868903517	7.089380741
0.644962262	7.089338303	0.009062646	0.217503492	0.870013968	7.089338303
0.644973852	7.089200974	0.009074236	0.217781659	0.871126637	7.089200974
0.644985419	7.089607239	0.009085803	0.21805927	0.872237078	7.089607239
0.644996986	7.088545322	0.00909737	0.218336882	0.87334753	7.088545322
0.645008577	7.089305878	0.00910896	0.218615047	0.874460189	7.089305878
0.645020132	7.089186192	0.009120516	0.218892382	0.875569526	7.089186192
0.645031722	7.089545727	0.009132106	0.219170549	0.876682195	7.089545727
0.64504329	7.089743137	0.009143673	0.219448162	0.877792646	7.089743137
0.64505488	7.088886261	0.009155264	0.219726329	0.878905315	7.088886261
0.645066447	7.089355946	0.009166831	0.220003939	0.880015757	7.089355946
0.645078014	7.089492321	0.009178398	0.220281552	0.881126208	7.089492321
0.645089581	7.089736462	0.009189965	0.220559162	0.88223665	7.089736462
0.645101149	7.089743137	0.009201532	0.220836775	0.883347101	7.089743137
0.645112727	7.088865757	0.009213111	0.221114664	0.884458656	7.088865757
0.645124318	7.089358807	0.009224701	0.221392831	0.885571325	7.089358807
0.645135885	7.089342117	0.009236268	0.221670442	0.886681766	7.089342117
0.645147452	7.089865208	0.009247836	0.221948054	0.887792218	7.089865208
0.645159042	7.089183331	0.009259426	0.222226222	0.888904886	7.089183331
0.645170609	7.088961124	0.009270993	0.222503832	0.890015328	7.088961124
0.645182176	7.08948803	0.00928256	0.222781445	0.891125779	7.08948803
0.645193744	7.089517593	0.009294127	0.223059055	0.892236221	7.089517593
0.645205322	7.089803696	0.009305706	0.223336944	0.893347776	7.089803696
0.645216913	7.088943481	0.009317296	0.223615111	0.894460445	7.088943481
0.64522848	7.089244843	0.009328863	0.223892724	0.895570896	7.089244843
0.645240047	7.089078903	0.009340431	0.224170334	0.896681338	7.089078903
0.645251637	7.089882851	0.009352021	0.224448502	0.897794006	7.089882851
0.645263204	7.090141296	0.009363588	0.224726114	0.898904458	7.090141296
0.645274771	7.090116501	0.009375155	0.225003725	0.900014899	7.090116501
0.645286339	7.089524269	0.009386722	0.225281338	0.90112535	7.089524269
0.645297917	7.089142323	0.009398301	0.225559226	0.902236906	7.089142323
0.645309508	7.089836121	0.009409891	0.225837394	0.903349574	7.089836121
0.645321075	7.089549065	0.009421458	0.226115004	0.904460016	7.089549065
0.645332642	7.088559628	0.009433026	0.226392617	0.905570467	7.088559628
0.645344232	7.089517593	0.009444616	0.226670784	0.906683136	7.089517593
0.645355799	7.089725018	0.009456183	0.226948394	0.907793578	7.089725018
0.645367367	7.089728832	0.00946775	0.227226007	0.908904029	7.089728832
0.645378934	7.08969307	0.009479317	0.227503618	0.91001447	7.08969307
0.645390512	7.089064121	0.009490896	0.227781506	0.911126026	7.089064121
0.645402103	7.088925362	0.009502486	0.228059674	0.912238694	7.088925362
0.64541367	7.088752747	0.009514054	0.228337286	0.913349146	7.088752747
0.645425237	7.089374542	0.009525621	0.228614897	0.914459587	7.089374542
0.645436804	7.089369774	0.009537188	0.22889251	0.915570038	7.089369774
0.645448394	7.089187145	0.009548778	0.229170677	0.916682707	7.089187145
0.645459962	7.089391708	0.009560345	0.229448287	0.917793149	7.089391708
0.645471529	7.089492321	0.009571913	0.2297259	0.9189036	7.089492321
0.645483107	7.089695454	0.009583491	0.230003789	0.920015155	7.089695454
0.645494698	7.089143753	0.009595081	0.230281956	0.921127824	7.089143753
0.645506265	7.089531899	0.009606649	0.230559566	0.922238266	7.089531899
0.645517832	7.089323044	0.009618216	0.230837179	0.923348717	7.089323044
0.645529399	7.089646339	0.009629783	0.23111479	0.924459158	7.089646339
0.645540989	7.089412689	0.009641373	0.231392957	0.925571827	7.089412689
0.645552557	7.089062214	0.00965294	0.23167057	0.926682278	7.089062214
0.645564124	7.089459419	0.009664508	0.23194818	0.92779272	7.089459419
0.645575702	7.089258194	0.009676086	0.232226069	0.928904275	7.089258194
0.645587293	7.089284897	0.009687677	0.232504236	0.930016944	7.089284897
0.64559886	7.089603424	0.009699244	0.232781849	0.931127395	7.089603424
0.645610427	7.088924885	0.009710811	0.233059459	0.932237837	7.088924885
0.645621994	7.089334965	0.009722378	0.233337072	0.933348288	7.089334965
0.645633585	7.089523792	0.009733968	0.233615239	0.934460957	7.089523792
0.645645152	7.089772224	0.009745535	0.23389285	0.935571398	7.089772224
0.645656719	7.089772224	0.009757103	0.234170462	0.93668185	7.089772224
0.645668321	7.088873386	0.009768704	0.234448906	0.937795622	7.088873386
0.645679888	7.089463234	0.009780272	0.234726518	0.938906074	7.089463234
0.645691455	7.089704037	0.009791839	0.235004129	0.940016515	7.089704037
0.645703022	7.08979702	0.009803406	0.235281742	0.941126966	7.08979702
0.645714589	7.090141773	0.009814973	0.235559352	0.942237408	7.090141773
0.64572618	7.089452267	0.009826563	0.235837519	0.943350077	7.089452267
0.645737747	7.089442253	0.00983813	0.236115132	0.944460528	7.089442253
0.645749314	7.08937788	0.009849698	0.236392742	0.94557097	7.08937788
0.645760893	7.089735031	0.009861276	0.236670631	0.946682525	7.089735031
0.64577246	7.089434624	0.009872843	0.236948244	0.947792976	7.089434624
0.64578405	7.089337349	0.009884434	0.237226411	0.948905645	7.089337349
0.645795617	7.089420795	0.009896001	0.237504022	0.950016086	7.089420795
0.645807184	7.089352131	0.009907568	0.237781634	0.951126538	7.089352131
0.645818775	7.089621544	0.009919158	0.238059802	0.952239206	7.089621544
0.645830342	7.088785648	0.009930725	0.238337412	0.953349648	7.088785648
0.645841909	7.088766098	0.009942293	0.238615025	0.954460099	7.088766098
0.645853488	7.089035511	0.009953871	0.238892914	0.955571654	7.089035511
0.645865055	7.088935375	0.009965438	0.239170524	0.956682096	7.088935375
0.645876645	7.089406014	0.009977029	0.239448691	0.957794765	7.089406014
0.645888212	7.088846684	0.009988596	0.239726304	0.958905216	7.088846684
0.645899779	7.089355469	0.010000163	0.240003914	0.960015658	7.089355469
0.64591137	7.089438438	0.010011753	0.240282082	0.961128326	7.089438438
0.645922937	7.089668274	0.010023321	0.240559694	0.962238778	7.089668274
0.645934504	7.089585304	0.010034888	0.240837305	0.963349219	7.089585304
0.645946083	7.088730335	0.010046466	0.241115194	0.964460774	7.088730335
0.64595765	7.089356422	0.010058034	0.241392806	0.965571226	7.089356422
0.64596924	7.089595795	0.010069624	0.241670974	0.966683894	7.089595795
0.645980807	7.089313507	0.010081191	0.241948584	0.967794336	7.089313507
0.645992374	7.089337349	0.010092758	0.242226197	0.968904787	7.089337349
0.646003965	7.088943481	0.010104349	0.242504364	0.970017456	7.088943481
0.646015532	7.089437962	0.010115916	0.242781974	0.971127898	7.089437962
0.646027099	7.089667797	0.010127483	0.243059587	0.972238349	7.089667797
0.646038678	7.089778423	0.010139062	0.243337476	0.973349904	7.089778423
0.646050245	7.08899641	0.010150629	0.243615086	0.974460346	7.08899641
0.646061835	7.089700222	0.010162219	0.243893254	0.975573014	7.089700222
0.646073402	7.089460373	0.010173786	0.244170866	0.976683466	7.089460373
0.646084993	7.089682102	0.010185376	0.244449034	0.977796134	7.089682102
0.64609656	7.089420319	0.010196944	0.244726644	0.978906576	7.089420319
0.64610815	7.08852005	0.010208534	0.245004811	0.980019245	7.08852005
0.646119694	7.089582443	0.010220078	0.245281867	0.981127469	7.089582443
0.646131273	7.089609623	0.010231657	0.245559756	0.982239024	7.089609623
0.64614284	7.089800358	0.010243224	0.245837369	0.983349475	7.089800358
0.64615443	7.089972973	0.010254814	0.246115536	0.984462144	7.089972973
0.646165997	7.089882851	0.010266381	0.246393146	0.985572586	7.089882851
0.646177565	7.089169979	0.010277948	0.246670759	0.986683037	7.089169979
0.646189155	7.089445114	0.010289539	0.246948926	0.987795706	7.089445114
0.646200722	7.08969307	0.010301106	0.247226537	0.988906147	7.08969307
0.646212289	7.089413166	0.010312673	0.24750415	0.990016598	7.089413166
0.646223879	7.088889599	0.010324263	0.247782317	0.991129267	7.088889599
0.646235447	7.089233398	0.01033583	0.248059927	0.992239709	7.089233398
0.646247014	7.089585304	0.010347398	0.24833754	0.99335016	7.089585304
0.646258604	7.089585304	0.010358988	0.248615707	0.994462829	7.089585304
0.64627016	7.089204788	0.010370543	0.248893039	0.995572157	7.089204788
0.64628175	7.089000225	0.010382134	0.249171206	0.996684826	7.089000225
0.646293317	7.089276314	0.010393701	0.249448819	0.997795277	7.089276314
0.646304884	7.088717461	0.010405268	0.24972643	0.998905718	7.088717461
0.646316474	7.089624882	0.010416858	0.250004597	1.000018387	7.089624882
0.646328042	7.089089394	0.010428425	0.25028221	1.001128838	7.089089394
0.646339609	7.089258671	0.010439992	0.25055982	1.00223928	7.089258671
0.646351199	7.08929491	0.010451583	0.250837987	1.003351949	7.08929491
0.646362778	7.089469433	0.010463161	0.251115876	1.004463504	7.089469433
0.646374345	7.089943886	0.010474729	0.251393489	1.005573955	7.089943886
0.646385912	7.08902216	0.010486296	0.251671099	1.006684397	7.08902216
0.646397479	7.0896101	0.010497863	0.251948712	1.007794848	7.0896101
0.64640907	7.089348793	0.010509453	0.252226879	1.008907517	7.089348793
0.646420637	7.089767933	0.01052102	0.25250449	1.010017958	7.089767933
0.646432204	7.089639187	0.010532588	0.252782102	1.01112841	7.089639187
0.646443794	7.089111328	0.010544178	0.253060267	1.012241069	7.089111328
0.64645535	7.089530468	0.010555733	0.253337602	1.013350406	7.089530468
0.64646694	7.089474201	0.010567324	0.253615769	1.014463075	7.089474201
0.646478507	7.089900971	0.010578891	0.253893382	1.015573526	7.089900971
0.646490097	7.089560509	0.010590481	0.254171549	1.016686195	7.089560509
0.646501665	7.088964939	0.010602048	0.254449159	1.017796637	7.088964939
0.646513232	7.089467049	0.010613616	0.254726772	1.018907088	7.089467049
0.646524799	7.089320183	0.010625183	0.255004382	1.02001753	7.089320183
0.646536366	7.089560986	0.01063675	0.255281995	1.021127981	7.089560986
0.646547945	7.089479923	0.010648329	0.255559884	1.022239536	7.089479923
0.646559535	7.089054108	0.010659919	0.255838051	1.023352205	7.089054108
0.646571102	7.08935976	0.010671486	0.256115662	1.024462646	7.08935976
0.646582692	7.089653492	0.010683076	0.256393829	1.025575315	7.089653492
0.64659426	7.090008736	0.010694643	0.256671442	1.026685766	7.090008736
0.646605827	7.090051651	0.010706211	0.256949052	1.027796208	7.090051651
0.646617394	7.089557171	0.010717778	0.257226665	1.028906659	7.089557171
0.646628961	7.089517593	0.010729345	0.257504275	1.030017101	7.089517593
0.64664054	7.089534283	0.010740924	0.257782164	1.031128656	7.089534283
0.64665213	7.089553356	0.010752514	0.258060331	1.032241325	7.089553356
0.646663697	7.089075565	0.010764081	0.258337944	1.033351776	7.089075565
0.646675264	7.08948803	0.010775648	0.258615554	1.034462218	7.08948803
0.646686855	7.089592457	0.010787238	0.258893722	1.035574886	7.089592457
0.646698422	7.089552879	0.010798806	0.259171334	1.036685338	7.089552879
0.646709989	7.089391708	0.010810373	0.259448945	1.037795779	7.089391708
0.646721556	7.088657379	0.01082194	0.259726558	1.03890623	7.088657379
0.646733135	7.08881712	0.010833519	0.260004446	1.040017786	7.08881712
0.646744725	7.088633537	0.010845109	0.260282614	1.041130454	7.088633537
0.646756292	7.088939667	0.010856676	0.260560224	1.042240896	7.088939667
0.646767859	7.088875771	0.010868243	0.260837837	1.043351347	7.088875771
0.64677945	7.089071751	0.010879834	0.261116004	1.044464016	7.089071751
0.646791017	7.089416981	0.010891401	0.261393614	1.045574458	7.089416981
0.646802584	7.089438438	0.010902968	0.261671227	1.046684909	7.089438438
0.646814151	7.09001255	0.010914535	0.261948838	1.04779535	7.09001255
0.64682573	7.089311123	0.010926114	0.262226726	1.048906906	7.089311123
0.64683732	7.088974953	0.010937704	0.262504894	1.050019574	7.088974953
0.646848887	7.089344978	0.010949271	0.262782506	1.051130026	7.089344978
0.646860454	7.089549065	0.010960838	0.263060117	1.052240467	7.089549065
0.646872021	7.089735985	0.010972405	0.263337725	1.053350899	7.089735985
0.646883612	7.088673592	0.010983995	0.26361589	1.054463558	7.088673592
0.646895179	7.088782787	0.010995563	0.2638935	1.055574	7.088782787
0.646906746	7.089241028	0.01100713	0.26417111	1.056684442	7.089241028
0.646918325	7.08939743	0.011018708	0.264448999	1.057795997	7.08939743
0.646929915	7.089743137	0.011030299	0.264727164	1.058908656	7.089743137
0.646941482	7.088873863	0.011041866	0.265004774	1.060019098	7.088873863
0.646953049	7.089765072	0.011053433	0.265282382	1.06112953	7.089765072
0.646964616	7.089438438	0.011065	0.265559993	1.062239971	7.089438438
0.646976206	7.089223385	0.01107659	0.265838158	1.06335263	7.089223385
0.646987773	7.089251995	0.011088157	0.266115768	1.064463072	7.089251995
0.64699934	7.088652134	0.011099724	0.266393378	1.065573514	7.088652134
0.647010942	7.08955574	0.011111326	0.266671822	1.066687286	7.08955574
0.647022509	7.089409351	0.011122893	0.26694943	1.067797718	7.089409351
0.647034076	7.090112686	0.01113446	0.26722704	1.06890816	7.090112686
0.647045643	7.089951515	0.011146027	0.26750465	1.070018602	7.089951515
0.64705721	7.089528561	0.011157594	0.267782261	1.071129043	7.089528561
0.647068801	7.0896101	0.011169184	0.268060426	1.072241702	7.0896101
0.647080368	7.089355946	0.011180752	0.268338036	1.073352144	7.089355946
0.647091935	7.08987236	0.011192319	0.268615646	1.074462586	7.08987236
0.647103513	7.089160919	0.011203897	0.268893533	1.075574131	7.089160919
0.647115104	7.088627815	0.011215487	0.269171698	1.07668679	7.088627815
0.647126671	7.089341164	0.011227054	0.269449308	1.077797232	7.089341164
0.647138238	7.089280605	0.011238622	0.269726918	1.078907674	7.089280605
0.647149805	7.089689255	0.011250189	0.270004529	1.080018115	7.089689255
0.647161395	7.088674545	0.011261779	0.270282694	1.081130774	7.088674545
0.647172962	7.089104176	0.011273346	0.270560304	1.082241216	7.089104176
0.647184529	7.08868885	0.011284913	0.270837912	1.083351648	7.08868885
0.647196108	7.088819504	0.011296492	0.271115801	1.084463203	7.088819504
0.647207675	7.089441776	0.011308059	0.271393411	1.085573645	7.089441776
0.647219265	7.088775635	0.011319649	0.271671576	1.086686304	7.088775635
0.647230832	7.089424133	0.011331216	0.271949186	1.087796746	7.089424133
0.647242399	7.089467526	0.011342783	0.272226794	1.088907178	7.089467526
0.64725399	7.089287281	0.011354373	0.272504959	1.090019837	7.089287281
0.647265557	7.090005398	0.01136594	0.27278257	1.091130278	7.090005398
0.647277124	7.088972092	0.011377508	0.27306018	1.09224072	7.088972092
0.647288702	7.08942318	0.011389086	0.273338069	1.093352275	7.08942318
0.647300293	7.089438438	0.011400676	0.273616234	1.094464934	7.089438438
0.64731186	7.089804173	0.011412243	0.273893842	1.095575366	7.089804173
0.647323427	7.089385033	0.011423811	0.274171452	1.096685808	7.089385033
0.647334994	7.088839531	0.011435378	0.274449062	1.09779625	7.088839531
0.647346584	7.089478016	0.011446968	0.274727227	1.098908909	7.089478016
0.647358151	7.089370251	0.011458535	0.275004838	1.10001935	7.089370251
0.647369718	7.089661121	0.011470102	0.275282448	1.101129792	7.089661121
0.647381297	7.089408398	0.011481681	0.275560334	1.102241338	7.089408398
0.647392864	7.088864327	0.011493248	0.275837945	1.103351779	7.088864327
0.647404454	7.089567661	0.011504838	0.27611611	1.104464438	7.089567661
0.647416021	7.089646339	0.011516405	0.27639372	1.10557488	7.089646339
0.647427588	7.089520931	0.011527972	0.27667133	1.106685322	7.089520931
0.647439179	7.089334011	0.011539562	0.276949495	1.107797981	7.089334011
0.647450769	7.088914871	0.011551152	0.27722766	1.10891064	7.088914871
0.647462313	7.089459896	0.011562697	0.277504716	1.110018864	7.089459896
0.647473914	7.089738846	0.011574298	0.277783157	1.111132627	7.089738846
0.647485458	7.090112686	0.011585842	0.278060213	1.112240851	7.090112686
0.647497049	7.090037346	0.011597432	0.278338378	1.11335351	7.090037346
0.647508639	7.089355469	0.011609023	0.278616542	1.11446617	7.089355469
0.647520183	7.089542389	0.011620567	0.278893598	1.115574394	7.089542389
0.647531773	7.089767933	0.011632157	0.279171763	1.116687053	7.089767933
0.64754334	7.0897398	0.011643724	0.279449371	1.117797485	7.0897398
0.647554907	7.088919163	0.011655291	0.279726982	1.118907926	7.088919163
0.647566486	7.089074135	0.01166687	0.28000487	1.120019482	7.089074135
0.647578053	7.089582443	0.011678437	0.280282481	1.121129923	7.089582443
0.647589643	7.089696407	0.011690027	0.280560646	1.122242582	7.089696407
0.64760121	7.089560986	0.011701594	0.280838256	1.123353024	7.089560986
0.647612777	7.088968754	0.011713161	0.281115864	1.124463456	7.088968754
0.647624368	7.089341641	0.011724751	0.281394031	1.125576125	7.089341641
0.647635935	7.088792801	0.011736318	0.281671639	1.126686557	7.088792801
0.647647502	7.088953018	0.011747885	0.28194925	1.127796998	7.088953018
0.647659092	7.089334011	0.011759476	0.282227414	1.128909658	7.089334011
0.647670659	7.088946819	0.011771043	0.282505025	1.130020099	7.088946819
0.647682226	7.089076042	0.01178261	0.282782635	1.131130541	7.089076042
0.647693816	7.089589119	0.0117942	0.2830608	1.1322432	7.089589119
0.647705372	7.089692593	0.011805756	0.283338132	1.133352528	7.089692593
0.647716962	7.089107037	0.011817346	0.283616297	1.134465187	7.089107037
0.647728529	7.089151382	0.011828913	0.283893907	1.135575629	7.089151382
0.647740096	7.089427948	0.01184048	0.284171518	1.13668607	7.089427948
0.647751686	7.089592457	0.01185207	0.284449682	1.13779873	7.089592457
0.647763253	7.090134144	0.011863637	0.284727293	1.138909171	7.090134144
0.647774821	7.088551521	0.011875204	0.285004903	1.140019613	7.088551521
0.647786411	7.089165688	0.011886795	0.285283068	1.141132272	7.089165688
0.647797978	7.089337349	0.011898362	0.285560678	1.142242714	7.089337349
0.647809545	7.089567661	0.011909929	0.285838286	1.143353146	7.089567661
0.647821112	7.08983326	0.011921496	0.286115897	1.144463587	7.08983326
0.647832702	7.08919096	0.011933086	0.286394062	1.145576246	7.08919096
0.647844281	7.089321613	0.011944665	0.28667195	1.146687802	7.089321613
0.647855848	7.089302063	0.011956232	0.286949561	1.147798243	7.089302063
0.647867415	7.089263916	0.011967799	0.287227169	1.148908675	7.089263916
0.647878994	7.089224339	0.011979377	0.287505058	1.15002023	7.089224339
0.647890561	7.088700295	0.011990944	0.287782668	1.151130672	7.088700295
0.647902139	7.08920002	0.012002523	0.288060554	1.152242218	7.08920002
0.647913706	7.089255333	0.01201409	0.288338165	1.153352659	7.089255333
0.647925297	7.089883328	0.01202568	0.28861633	1.154465318	7.089883328
0.647936864	7.089911461	0.012037248	0.28889394	1.15557576	7.089911461
0.647948327	7.089601994	0.012048711	0.289169052	1.156676208	7.089601994
0.647960009	7.089180946	0.012060393	0.289449437	1.157797747	7.089180946
0.647971577	7.089539528	0.01207196	0.289727047	1.158908189	7.089539528
0.647983155	7.089595795	0.012083539	0.290004934	1.160019734	7.089595795
0.647994745	7.089082718	0.012095129	0.290283098	1.161132394	7.089082718
0.648006312	7.089121342	0.012106696	0.290560709	1.162242835	7.089121342
0.64801788	7.08921957	0.012118263	0.290838319	1.163353277	7.08921957
0.648029458	7.089147091	0.012129842	0.291116208	1.164464832	7.089147091
0.648041025	7.08972168	0.012141409	0.291393816	1.165575264	7.08972168
0.648052604	7.088536263	0.012152988	0.291671705	1.166686819	7.088536263
0.648064183	7.088486195	0.012164566	0.291949591	1.167798365	7.088486195
0.64807575	7.088576794	0.012176133	0.292227202	1.168908806	7.088576794
0.64808734	7.088856697	0.012187724	0.292505366	1.170021466	7.088856697
0.648098907	7.089582443	0.012199291	0.292782977	1.171131907	7.089582443
0.648110474	7.088709354	0.012210858	0.293060587	1.172242349	7.088709354
0.648122064	7.089291573	0.012222448	0.293338752	1.173355008	7.089291573
0.648133631	7.089437962	0.012234015	0.293616362	1.17446545	7.089437962
0.648145198	7.089514256	0.012245582	0.293893973	1.175575891	7.089514256
0.648156765	7.089556694	0.012257149	0.294171581	1.176686323	7.089556694
0.648168344	7.088913441	0.012268728	0.29444947	1.177797878	7.088913441
0.648179934	7.089425087	0.012280318	0.294727634	1.178910538	7.089425087
0.64819149	7.089624882	0.012291874	0.295004966	1.180019866	7.089624882
0.64820308	7.089764595	0.012303464	0.295283131	1.181132525	7.089764595
0.648214636	7.089017391	0.012315019	0.295560463	1.182241853	7.089017391
0.648226226	7.089134216	0.01232661	0.29583863	1.183354522	7.089134216
0.648237804	7.089400291	0.012338188	0.296116517	1.184466067	7.089400291
0.648249372	7.089434624	0.012349755	0.296394127	1.185576509	7.089434624
0.648260939	7.089765072	0.012361322	0.296671738	1.18668695	7.089765072
0.648272529	7.088942528	0.012372913	0.296949902	1.18779961	7.088942528
