Day fraction since midnight on 	pH probe (pH)	Time from start	Hour Fraction	Hour Fraction/Residence time	pH probe (pH)
0.608005645	7.914949894	0	0	0	6.446812153
0.608017216	8.006445885	1.1571E-05	0.000277704	0.001110816	6.416762829
0.608028797	7.947925568	2.3152E-05	0.000555648	0.002222592	6.389653206
0.608040364	8.018240929	3.4719E-05	0.000833256	0.003333024	6.357402802
0.608051933	7.955364227	4.6288E-05	0.001110912	0.004443648	6.265830994
0.608063504	8.019760132	5.7859E-05	0.001388616	0.005554464	6.237020016
0.608075078	7.957479954	6.9433E-05	0.001666392	0.006665568	6.14804697
0.608086654	8.030428886	8.1009E-05	0.001944216	0.007776864	6.047205448
0.608098228	7.974302769	9.2583E-05	0.002221992	0.008887968	6.02667284
0.608109795	8.021292687	0.00010415	0.0024996	0.0099984	5.990143299
0.608121371	7.984574318	0.000115726	0.002777424	0.011109696	5.934697151
0.608132962	8.015816689	0.000127317	0.003055608	0.012222432	5.934797287
0.60814454	7.967956066	0.000138895	0.00333348	0.01333392	5.821619034
0.608156107	7.986626625	0.000150462	0.003611088	0.014444352	5.70819521
0.608167687	7.966842175	0.000162042	0.003889008	0.015556032	5.701767445
0.608179254	7.982887745	0.000173609	0.004166616	0.016666464	5.87298727
0.608190827	7.951987267	0.000185182	0.004444368	0.017777472	5.872994423
0.608202403	7.955431461	0.000196758	0.004722192	0.018888768	5.710842609
0.608213969	7.936604977	0.000208324	0.004999776	0.019999104	5.698158741
0.608225557	7.92794323	0.000219912	0.005277888	0.021111552	5.405093193
0.608237133	7.93025589	0.000231488	0.005555712	0.022222848	5.056145191
0.608248686	7.904266357	0.000243041	0.005832984	0.023331936	4.941740036
0.608260276	7.911402226	0.000254631	0.006111144	0.024444576	4.79070425
0.608271844	7.88745594	0.000266199	0.006388776	0.025555104	4.672626495
0.60828344	7.907180309	0.000277795	0.00666708	0.02666832	4.767210484
0.608294995	7.878352642	0.00028935	0.0069444	0.0277776	4.785263062
0.608306558	7.905039311	0.000300913	0.007221912	0.028887648	4.99340725
0.608318131	7.87091589	0.000312486	0.007499664	0.029998656	5.115039825
0.608329725	7.906043053	0.00032408	0.00777792	0.03111168	4.875723362
0.608341284	7.84223938	0.000335639	0.008055336	0.032221344	4.92440033
0.608352855	7.880182743	0.00034721	0.00833304	0.03333216	5.223372936
0.608364434	7.822394848	0.000358789	0.008610936	0.034443744	5.076862812
0.608376005	7.859036923	0.00037036	0.00888864	0.03555456	5.131869316
0.60838758	7.80670166	0.000381935	0.00916644	0.03666576	5.072834492
0.60839917	7.856173039	0.000393525	0.0094446	0.0377784	4.933562279
0.608410737	7.763500214	0.000405092	0.009722208	0.038888832	4.655717373
0.608422304	7.813109875	0.000416659	0.009999816	0.039999264	4.613082886
0.608433886	7.764097214	0.000428241	0.010277784	0.041111136	4.419796467
0.608445449	7.791781426	0.000439804	0.010555296	0.042221184	4.208739281
0.608457027	7.727935314	0.000451382	0.010833168	0.043332672	4.214269161
0.608468594	7.774279594	0.000462949	0.011110776	0.044443104	4.167461872
0.60848017	7.947324753	0.000474525	0.0113886	0.0455544	4.052782536
0.608491742	7.796029568	0.000486097	0.011666328	0.046665312	4.077774525
0.608503332	7.681764126	0.000497687	0.011944488	0.047777952	4.258909226
0.608514899	7.647600174	0.000509254	0.012222096	0.048888384	4.427268505
0.608526472	7.650022507	0.000520827	0.012499848	0.049999392	4.463803291
0.608538041	7.678267002	0.000532396	0.012777504	0.051110016	4.391799927
0.608549618	7.641285896	0.000543973	0.013055352	0.052221408	4.382058621
0.608561208	7.654950142	0.000555563	0.013333512	0.053334048	4.425959587
0.608572775	7.618035317	0.00056713	0.01361112	0.05444448	4.418610573
0.608584334	7.625676632	0.000578689	0.013888536	0.055554144	4.402564526
0.608595909	7.612841129	0.000590264	0.014166336	0.056665344	4.352895737
0.608607491	7.589967728	0.000601846	0.014444304	0.057777216	4.337687016
0.608619058	7.614430428	0.000613413	0.014721912	0.058887648	4.340342522
0.608630637	7.632722855	0.000624992	0.014999808	0.059999232	4.31826973
0.608642214	7.613224983	0.000636569	0.015277656	0.061110624	4.288570881
0.608653789	7.580834866	0.000648144	0.015555456	0.062221824	4.293591499
0.608665383	7.607524872	0.000659738	0.015833712	0.063334848	4.290618897
0.608676945	7.578275204	0.0006713	0.0161112	0.0644448	4.262849808
0.608688514	7.568521977	0.000682869	0.016388856	0.065555424	4.254962444
0.608700082	8.741394997	0.000694437	0.016666488	0.066665952	4.224581718
0.608711657	8.129231453	0.000706012	0.016944288	0.067777152	4.196275711
0.608723236	7.781557083	0.000717591	0.017222184	0.068888736	4.164534569
0.608734818	7.708998203	0.000729173	0.017500152	0.070000608	4.160745621
0.608746378	7.628594399	0.000740733	0.017777592	0.071110368	4.182080746
0.608757949	7.640183926	0.000752304	0.018055296	0.072221184	4.198287964
0.60876953	7.582324982	0.000763885	0.01833324	0.07333296	4.216713429
0.608781099	7.60928154	0.000775454	0.018610896	0.074443584	4.234490871
0.608792668	7.539060116	0.000787023	0.018888552	0.075554208	4.224456787
0.608804245	7.592422962	0.0007986	0.0191664	0.0766656	4.227687836
0.608815827	7.52243042	0.000810182	0.019444368	0.077777472	4.221560478
0.60882742	7.579327107	0.000821775	0.0197226	0.0788904	4.177500725
0.608838987	7.503622055	0.000833342	0.020000208	0.080000832	4.179680347
0.608850554	7.558815956	0.000844909	0.020277816	0.081111264	4.178018093
0.608862113	7.494387627	0.000856468	0.020555232	0.082220928	4.17493391
0.608873703	7.523078919	0.000868058	0.020833392	0.083333568	4.177327156
0.608885273	7.455307961	0.000879628	0.021111072	0.084444288	4.160757065
0.608896843	7.492592335	0.000891198	0.021388752	0.085555008	4.141709805
0.608908418	7.486859798	0.000902773	0.021666552	0.086666208	4.143213749
0.608919985	7.507480621	0.00091434	0.02194416	0.08777664	4.107121944
0.608931575	7.463896751	0.00092593	0.02222232	0.08888928	4.108720779
0.608943142	7.472638607	0.000937497	0.022499928	0.089999712	4.113259316
0.608954714	7.469388962	0.000949069	0.022777656	0.091110624	4.113720894
0.608966285	7.459283829	0.00096064	0.02305536	0.09222144	4.095998764
0.608977875	7.432221413	0.00097223	0.02333352	0.09333408	4.0758214
0.608989445	7.413255692	0.0009838	0.0236112	0.0944448	4.080221653
0.609001013	7.434161663	0.000995368	0.023888832	0.095555328	4.085225582
0.609012588	7.421931744	0.001006943	0.024166632	0.096666528	4.071764469
0.609024155	7.414066792	0.00101851	0.02444424	0.09777696	4.071943283
0.609035728	7.403021812	0.001030083	0.024721992	0.098887968	4.083053589
0.609047307	7.429271698	0.001041662	0.024999888	0.099999552	4.086877346
0.60905888	7.41159296	0.001053235	0.02527764	0.10111056	4.086611271
0.609070447	7.431346417	0.001064802	0.025555248	0.102220992	4.070509434
0.609082037	7.373137474	0.001076392	0.025833408	0.103333632	4.078336239
0.609093617	7.411912918	0.001087972	0.026111328	0.104445312	4.044268608
0.609105184	7.388494015	0.001099539	0.026388936	0.105555744	4.009032726
0.609116759	7.413322926	0.001111114	0.026666736	0.106666944	4.037761211
0.609128326	7.383603573	0.001122681	0.026944344	0.107777376	4.056161404
0.609139896	7.400310516	0.001134251	0.027222024	0.108888096	4.050105095
0.609151471	7.360476971	0.001145826	0.027499824	0.109999296	4.019674778
0.609163052	7.410968781	0.001157407	0.027777768	0.111111072	4.029293537
0.609174634	7.360451698	0.001168989	0.028055736	0.112222944	4.041294575
0.60918619	7.384174824	0.001180545	0.02833308	0.11333232	4.044857979
0.609197764	7.331388474	0.001192119	0.028610856	0.114443424	4.034729004
0.609209339	7.376861572	0.001203694	0.028888656	0.115554624	4.020907879
0.609220915	7.329397678	0.00121527	0.02916648	0.11666592	4.012778759
0.609232492	7.393315315	0.001226847	0.029444328	0.117777312	4.012046814
0.609244071	7.337685108	0.001238426	0.029722224	0.118888896	4.006956577
0.609255645	7.360591412	0.00125	0.03	0.12	4.011925697
0.609267215	7.345540047	0.00126157	0.03027768	0.12111072	4.000644207
0.609278788	7.348297596	0.001273143	0.030555432	0.122221728	3.964730263
0.609290355	7.319070816	0.00128471	0.03083304	0.12333216	3.961159706
0.60930193	7.320158482	0.001296285	0.03111084	0.12444336	3.995072842
0.609313525	7.296634674	0.00130788	0.03138912	0.12555648	4.017602921
0.609325098	7.320538044	0.001319453	0.031666872	0.126667488	4.027270794
0.609336669	7.295781136	0.001331024	0.031944576	0.127778304	4.015508652
0.609348238	7.293220997	0.001342593	0.032222232	0.128888928	4.000289917
0.609359811	7.318892002	0.001354166	0.032499984	0.129999936	4.008228779
0.609371384	7.285849571	0.001365739	0.032777736	0.131110944	3.975481033
0.609382979	7.272642136	0.001377334	0.033056016	0.132224064	3.983195782
0.609394529	7.2597332	0.001388884	0.033333216	0.133332864	3.991666794
0.609406119	7.29217577	0.001400474	0.033611376	0.134445504	3.983828783
0.609417671	7.266543865	0.001412026	0.033888624	0.135554496	3.976799727
0.609429251	7.272841454	0.001423606	0.034166544	0.136666176	3.977185249
0.609440823	7.234284401	0.001435178	0.034444272	0.137777088	3.95477438
0.609452399	7.270027638	0.001446754	0.034722096	0.138888384	3.947499991
0.609463988	7.24167347	0.001458343	0.035000232	0.140000928	3.953254461
0.609475541	7.272494793	0.001469896	0.035277504	0.141110016	3.955672503
0.609487137	7.252105713	0.001481492	0.035555808	0.142223232	3.960049629
0.609498709	7.263383389	0.001493064	0.035833536	0.143334144	3.972407341
0.609510298	7.231632233	0.001504653	0.036111672	0.144446688	3.970097303
0.609521851	7.275131226	0.001516206	0.036388944	0.145555776	3.965683937
0.609533418	7.208854199	0.001527773	0.036666552	0.146666208	3.951540232
0.609544994	7.234183788	0.001539349	0.036944376	0.147777504	3.941901207
0.609556574	7.191920757	0.001550929	0.037222296	0.148889184	3.943673849
0.609568155	7.223015785	0.00156251	0.03750024	0.15000096	3.929779291
0.609579727	7.196320534	0.001574082	0.037777968	0.151111872	3.939533711
0.60959129	7.21922493	0.001585645	0.03805548	0.15222192	3.953021526
0.609602864	7.181890011	0.001597219	0.038333256	0.153333024	3.94982338
0.609614435	7.213120937	0.00160879	0.03861096	0.15444384	3.947356224
0.609626006	7.170811653	0.001620361	0.038888664	0.155554656	3.936035395
0.609637596	7.202598572	0.001631951	0.039166824	0.156667296	3.925653696
0.609649175	7.164600372	0.00164353	0.03944472	0.15777888	3.927179098
0.609660753	7.189070225	0.001655108	0.039722592	0.158890368	3.937581778
0.609672322	7.151160717	0.001666677	0.040000248	0.160000992	3.951704502
0.609683878	7.171073437	0.001678233	0.040277592	0.161110368	3.945840836
0.609695459	7.111091614	0.001689814	0.040555536	0.162222144	3.951297045
0.609707026	7.146524906	0.001701381	0.040833144	0.163332576	3.935083628
0.609718615	7.156384945	0.00171297	0.04111128	0.16444512	3.92991662
0.609730186	7.149177074	0.001724541	0.041388984	0.165555936	3.933991671
0.609741749	7.143206596	0.001736104	0.041666496	0.166665984	3.952685595
0.609753322	7.149856567	0.001747677	0.041944248	0.167776992	3.948367119
0.609764897	7.140451431	0.001759252	0.042222048	0.168888192	3.951339006
0.609776487	7.127818584	0.001770842	0.042500208	0.170000832	3.91862464
0.609788056	7.114013195	0.001782411	0.042777864	0.171111456	3.925238371
0.609799625	7.111097336	0.00179398	0.04305552	0.17222208	3.925615072
0.609811219	7.122229576	0.001805574	0.043333776	0.173335104	3.94097352
0.609822786	7.104022503	0.001817141	0.043611384	0.174445536	3.951800585
0.609834347	7.121100903	0.001828702	0.043888848	0.175555392	3.944772244
0.609845921	7.089663506	0.001840276	0.044166624	0.176666496	3.92101121
0.609857494	7.126233101	0.001851849	0.044444376	0.177777504	3.903238535
0.609869065	7.085433483	0.00186342	0.04472208	0.17888832	3.901719809
0.60988064	7.132146835	0.001874995	0.04499988	0.17999952	3.906585217
0.609892228	7.099087715	0.001886583	0.045277992	0.181111968	3.914070368
0.60990379	7.119280815	0.001898145	0.04555548	0.18222192	3.909902573
0.609915362	7.08983326	0.001909717	0.045833208	0.183332832	3.918939829
0.609926947	7.127819538	0.001921302	0.046111248	0.184444992	3.929652691
0.609938537	7.085503101	0.001932892	0.046389408	0.185557632	3.918492794
0.609950104	7.115355492	0.001944459	0.046667016	0.186668064	3.911435366
0.609961665	7.077094555	0.00195602	0.04694448	0.18777792	3.915308476
0.609973234	7.10913229	0.001967589	0.047222136	0.188888544	3.924679995
0.609984804	7.081349373	0.001979159	0.047499816	0.189999264	3.912318707
0.609996382	7.11917448	0.001990737	0.047777688	0.191110752	3.913231611
0.61000798	7.068672657	0.002002335	0.04805604	0.19222416	3.90882349
0.610019543	7.097085476	0.002013898	0.048333552	0.193334208	3.905859947
0.610031099	7.077562809	0.002025454	0.048610896	0.194443584	3.909473181
0.610042674	7.10323	0.002037029	0.048888696	0.195554784	3.919620276
0.610054269	7.052268505	0.002048624	0.049166976	0.196667904	3.933265686
0.610065828	7.076796532	0.002060183	0.049444392	0.197777568	3.920177221
0.610077396	7.047678471	0.002071751	0.049722024	0.198888096	3.911603689
0.610088969	7.069757462	0.002083324	0.049999776	0.199999104	3.906521082
0.610100552	7.043455601	0.002094907	0.050277768	0.201111072	3.911632776
0.610112131	7.025457382	0.002106486	0.050555664	0.202222656	3.918486357
0.610123702	7.026579857	0.002118057	0.050833368	0.203333472	3.914749861
0.610135287	7.042740822	0.002129642	0.051111408	0.204445632	3.889331579
0.61014686	7.01907444	0.002141215	0.05138916	0.20555664	3.87477994
0.610158421	7.00235796	0.002152776	0.051666624	0.206666496	3.881956101
0.610169988	7.005122185	0.002164343	0.051944232	0.207776928	3.891992807
0.610181567	6.990754128	0.002175922	0.052222128	0.208888512	3.880099535
0.610193145	7.020234585	0.0021875	0.0525	0.21	3.890267849
0.610204724	6.985305786	0.002199079	0.052777896	0.211111584	3.905447483
0.610216302	6.993460178	0.002210657	0.053055768	0.212223072	3.918520689
0.61022786	6.959582806	0.002222215	0.05333316	0.21333264	3.921339274
0.61023945	7.00571394	0.002233805	0.05361132	0.21444528	3.916936636
0.610251011	6.979435444	0.002245366	0.053888784	0.215555136	3.911476135
0.610262585	6.992089272	0.00225694	0.05416656	0.21666624	3.920697928
0.610274157	6.952180386	0.002268512	0.054444288	0.217777152	3.939279318
0.610285748	6.98350811	0.002280103	0.054722472	0.218889888	3.934856653
0.610297312	6.958451748	0.002291667	0.055000008	0.220000032	3.908602715
0.610308912	7.00032711	0.002303267	0.055278408	0.221113632	3.89782548
0.610320458	6.943795681	0.002314813	0.055555512	0.222222048	3.902836561
0.610332034	6.999721527	0.002326389	0.055833336	0.223333344	3.895439863
0.610343621	6.973257065	0.002337976	0.056111424	0.224445696	3.907708645
0.61035519	6.986647129	0.002349545	0.05638908	0.22555632	3.907719135
0.610366759	6.976682663	0.002361114	0.056666736	0.226666944	3.912515879
0.610378339	6.981622696	0.002372694	0.056944656	0.227778624	3.899174213
0.610389916	6.919012547	0.002384271	0.057222504	0.228890016	3.899829149
0.610401489	6.956752777	0.002395844	0.057500256	0.230001024	3.89696312
0.610413061	6.940312386	0.002407416	0.057777984	0.231111936	3.873649597
0.610424622	6.966253758	0.002418977	0.058055448	0.232221792	3.883538485
0.610436207	6.930253029	0.002430562	0.058333488	0.233333952	3.887401819
0.610447779	6.950155258	0.002442134	0.058611216	0.234444864	3.887372732
0.610459351	6.939105034	0.002453706	0.058888944	0.235555776	3.901276827
0.610470933	6.938168049	0.002465288	0.059166912	0.236667648	3.900748968
0.610482493	6.914893627	0.002476848	0.059444352	0.237777408	3.890421152
0.610494075	6.930056572	0.00248843	0.05972232	0.23888928	3.910771132
0.610505652	6.92160511	0.002500007	0.060000168	0.240000672	3.908802509
0.610517222	6.922050476	0.002511577	0.060277848	0.241111392	3.887956142
0.6105288	6.931409836	0.002523155	0.06055572	0.24222288	3.896133661
0.610540369	6.901051521	0.002534724	0.060833376	0.243333504	3.886372805
0.610551939	6.929315567	0.002546294	0.061111056	0.244444224	3.862101317
0.61056352	6.931628227	0.002557875	0.061389	0.245556	3.857459545
0.610575082	6.940010071	0.002569437	0.061666488	0.246665952	3.810581684
0.610586664	6.875513077	0.002581019	0.061944456	0.247777824	3.811220408
0.610598234	6.92594862	0.002592589	0.062222136	0.248888544	3.847065449
0.610609818	6.892799377	0.002604173	0.062500152	0.250000608	3.857287645
0.610621381	6.924939156	0.002615736	0.062777664	0.251110656	3.839039087
0.610632956	6.877192497	0.002627311	0.063055464	0.252221856	3.861193657
0.610644546	6.906197071	0.002638901	0.063333624	0.253334496	3.893059492
0.610656108	6.875048161	0.002650463	0.063611112	0.254444448	3.887678385
0.610667686	6.906036854	0.002662041	0.063888984	0.255555936	3.890144348
0.610679264	6.861448288	0.002673619	0.064166856	0.256667424	3.89497757
0.610690831	6.903633118	0.002685186	0.064444464	0.257777856	3.898188353
0.610702416	6.858325958	0.002696771	0.064722504	0.258890016	3.903261423
0.610713981	6.875412941	0.002708336	0.065000064	0.260000256	3.914548159
0.610725552	6.862582207	0.002719907	0.065277768	0.261111072	3.922362566
0.610737132	6.888342381	0.002731487	0.065555688	0.262222752	3.922095776
0.610748703	6.869045258	0.002743058	0.065833392	0.263333568	3.92881155
0.610760269	6.909990311	0.002754624	0.066110976	0.264443904	3.929892778
0.610771844	6.875487804	0.002766199	0.066388776	0.265555104	3.936396122
0.610783438	6.891120434	0.002777793	0.066667032	0.266668128	3.939728022
0.610795011	6.833565235	0.002789366	0.066944784	0.267779136	3.938974857
0.610806594	6.854837418	0.002800949	0.067222776	0.268891104	3.946619272
0.610818139	6.838643551	0.002812494	0.067499856	0.269999424	3.958926201
0.610829732	6.883468151	0.002824087	0.067778088	0.271112352	3.970464468
0.610841304	6.842782497	0.002835659	0.068055816	0.272223264	3.979251385
0.610852863	6.827326775	0.002847218	0.068333232	0.273332928	3.986745119
0.61086444	6.814911366	0.002858795	0.06861108	0.27444432	3.9920187
0.610876016	6.839125156	0.002870371	0.068888904	0.275555616	3.997166157
0.610887583	6.848629475	0.002881938	0.069166512	0.276666048	4.003134728
0.610899162	6.845752716	0.002893517	0.069444408	0.277777632	4.010251045
0.610910746	6.832741737	0.002905101	0.069722424	0.278889696	4.014728546
0.610922319	6.828536987	0.002916674	0.070000176	0.280000704	4.019996643
0.610933889	6.839430332	0.002928244	0.070277856	0.281111424	4.028567791
0.610945459	6.823219776	0.002939814	0.070555536	0.282222144	4.03459549
0.610957049	6.829046249	0.002951404	0.070833696	0.283334784	4.042206287
0.610968604	6.819616795	0.002962959	0.071111016	0.284444064	4.048523426
0.610980197	6.815188408	0.002974552	0.071389248	0.285556992	4.054930687
0.610991781	6.820819378	0.002986136	0.071667264	0.286669056	4.059412003
0.611003341	6.823606014	0.002997696	0.071944704	0.287778816	4.066606045
0.611014917	6.774048328	0.003009272	0.072222528	0.288890112	4.071489811
0.611026473	6.841086388	0.003020828	0.072499872	0.289999488	4.076361179
0.611038065	6.82982254	0.00303242	0.07277808	0.29111232	4.079714298
0.611049643	6.856007576	0.003043998	0.073055952	0.292223808	4.082794666
0.61106121	6.807648182	0.003055565	0.07333356	0.29333424	4.085215092
0.611072774	6.849119663	0.003067129	0.073611096	0.294444384	4.088691235
0.611084342	6.819093704	0.003078697	0.073888728	0.295554912	4.091200352
0.611095922	6.863794327	0.003090277	0.074166648	0.296666592	4.094817638
0.611107495	6.856045723	0.00310185	0.0744444	0.2977776	4.098285675
0.611119067	6.878035069	0.003113422	0.074722128	0.298888512	4.104094505
0.611130642	6.826510429	0.003124997	0.074999928	0.299999712	4.027582645
0.611142215	6.845860481	0.00313657	0.07527768	0.30111072	3.858926058
0.611153788	6.828233719	0.003148143	0.075555432	0.302221728	3.836376429
0.611165381	6.849022389	0.003159736	0.075833664	0.303334656	3.853556395
0.611176954	6.807303429	0.003171309	0.076111416	0.304445664	3.816362143
0.611188526	6.835539818	0.003182881	0.076389144	0.305556576	3.833752871
0.611200098	6.820083618	0.003194453	0.076666872	0.306667488	3.834902525
0.611211676	6.830548763	0.003206031	0.076944744	0.307778976	3.826187849
0.611223255	6.816675663	0.00321761	0.07722264	0.30889056	3.844837427
0.61123482	6.818273068	0.003229175	0.0775002	0.3100008	3.866033077
0.611246396	6.833552837	0.003240751	0.077778024	0.311112096	3.88040781
0.611257963	6.824072838	0.003252318	0.078055632	0.312222528	3.891318798
0.61126956	6.825191021	0.003263915	0.07833396	0.31333584	3.895046473
0.611281108	6.800078392	0.003275463	0.078611112	0.314444448	3.880846262
0.611292679	6.793121815	0.003287034	0.078888816	0.315555264	3.864195347
0.611304253	6.804765701	0.003298608	0.079166592	0.316666368	3.863315105
0.611315853	6.80493927	0.003310208	0.079444992	0.317779968	3.829586029
0.6113274	6.764228344	0.003321755	0.07972212	0.31888848	3.823903322
0.611338994	6.783378124	0.003333349	0.080000376	0.320001504	3.834569693
0.611350561	6.789467335	0.003344916	0.080277984	0.321111936	3.845553398
0.611362125	6.804405689	0.00335648	0.08055552	0.32222208	3.85539937
0.611373721	6.769634247	0.003368076	0.080833824	0.323335296	3.84914875
0.611385271	6.790122032	0.003379626	0.081111024	0.324444096	3.850933313
0.611396848	6.766082764	0.003391203	0.081388872	0.325555488	3.84923768
0.611408419	6.777089119	0.003402774	0.081666576	0.326666304	3.848297596
0.611419998	6.74060154	0.003414353	0.081944472	0.327777888	3.827838182
0.61143158	6.739485741	0.003425935	0.08222244	0.32888976	3.851128817
0.611443147	6.707196713	0.003437502	0.082500048	0.330000192	3.852627516
0.61145474	6.74137497	0.003449095	0.08277828	0.33111312	3.852499962
0.611466288	6.718676567	0.003460643	0.083055432	0.332221728	3.868685007
0.611477866	6.742133141	0.003472221	0.083333304	0.333333216	3.875023127
0.611489459	6.691767693	0.003483814	0.083611536	0.334446144	3.872681618
0.611501021	6.73441124	0.003495376	0.083889024	0.335556096	3.859997988
0.611512591	6.71922636	0.003506946	0.084166704	0.336666816	3.850702524
0.611524173	6.739237785	0.003518528	0.084444672	0.337778688	3.846387386
0.611535744	7.024034023	0.003530099	0.084722376	0.338889504	3.847300768
0.611547312	6.786138535	0.003541667	0.085000008	0.340000032	3.856901407
0.611558902	6.737945557	0.003553257	0.085278168	0.341112672	3.870646954
0.611570473	6.742665768	0.003564828	0.085555872	0.342223488	3.874651909
0.611582042	6.657617092	0.003576397	0.085833528	0.343334112	3.866546631
0.611593616	6.676288605	0.003587971	0.086111304	0.344445216	3.862370729
0.611605209	6.650823593	0.003599564	0.086389536	0.345558144	3.869246006
0.611616764	6.673074246	0.003611119	0.086666856	0.346667424	3.872022629
0.611628342	6.639770985	0.003622697	0.086944728	0.347778912	3.876149178
0.611639909	6.660748959	0.003634264	0.087222336	0.348889344	3.879810095
0.611651482	6.651120663	0.003645837	0.087500088	0.350000352	3.872817278
0.611663055	6.643444061	0.00365741	0.08777784	0.35111136	3.86145401
0.611674622	6.632908821	0.003668977	0.088055448	0.352221792	3.855764389
0.611686201	6.647735596	0.003680556	0.088333344	0.353333376	3.859688282
0.611697774	6.663989544	0.003692129	0.088611096	0.354444384	3.855629683
0.611709346	6.657732487	0.003703701	0.088888824	0.355555296	3.843403816
0.611720951	6.631818295	0.003715306	0.089167344	0.356669376	3.840553284
0.611732507	6.592701435	0.003726862	0.089444688	0.357778752	3.844683647
0.611744084	6.629131794	0.003738439	0.089722536	0.358890144	3.857319355
0.611755663	6.610014439	0.003750018	0.090000432	0.360001728	3.85729456
0.611767217	6.591506958	0.003761572	0.090277728	0.361110912	3.852540255
0.611778795	6.587023258	0.00377315	0.0905556	0.3622224	3.845056772
0.611790365	6.656600952	0.00378472	0.09083328	0.36333312	3.843917608
0.611801946	6.607758999	0.003796301	0.091111224	0.364444896	3.821941137
0.61181353	6.597721577	0.003807885	0.09138924	0.36555696	3.801580429
0.611825107	6.575674057	0.003819462	0.091667088	0.366668352	3.817921639
0.61183668	6.614483833	0.003831035	0.09194484	0.36777936	3.826560497
0.611848236	6.593830109	0.003842591	0.092222184	0.368888736	3.839868784
0.611859839	6.633049488	0.003854194	0.092500656	0.370002624	3.827303886
0.611871391	6.569756508	0.003865746	0.092777904	0.371111616	3.830722332
0.611882966	6.640814781	0.003877321	0.093055704	0.372222816	3.843131781
0.611894541	6.594399929	0.003888896	0.093333504	0.373334016	3.85281992
0.611906108	6.650613308	0.003900463	0.093611112	0.374444448	3.848519564
0.611917684	6.60791254	0.003912039	0.093888936	0.375555744	3.833530903
0.611929256	6.626768112	0.003923611	0.094166664	0.376666656	3.839713574
0.611940832	6.611326218	0.003935187	0.094444488	0.377777952	3.838602305
0.611952401	6.634921074	0.003946756	0.094722144	0.378888576	3.830755711
0.611963979	6.607039452	0.003958334	0.095000016	0.380000064	3.827418566
0.611975557	6.624433041	0.003969912	0.095277888	0.381111552	3.822628975
0.611987125	6.616400242	0.00398148	0.09555552	0.38222208	3.824798584
0.611998715	6.638940811	0.00399307	0.09583368	0.38333472	3.826037645
0.612010279	6.602519989	0.004004634	0.096111216	0.384444864	3.832227469
0.612021858	6.608138084	0.004016213	0.096389112	0.385556448	3.828860283
0.61203343	6.610701084	0.004027785	0.09666684	0.38666736	3.808287859
0.612045003	6.621209145	0.004039358	0.096944592	0.387778368	3.801894665
0.612056578	6.641541004	0.004050933	0.097222392	0.388889568	3.816368818
0.612068155	6.637166023	0.00406251	0.09750024	0.39000096	3.812966108
0.612079724	6.643762112	0.004074079	0.097777896	0.391111584	3.826804638
0.6120913	6.641164303	0.004085655	0.09805572	0.39222288	3.824276209
0.612102894	6.662214756	0.004097249	0.098333976	0.393335904	3.830030203
0.612114442	6.647311211	0.004108797	0.098611128	0.394444512	3.818989992
0.612126013	6.632750511	0.004120368	0.098888832	0.395555328	3.830069304
0.612137589	6.59500742	0.004131944	0.099166656	0.396666624	3.834434032
0.612149163	6.618250847	0.004143518	0.099444432	0.397777728	3.840233564
0.612160756	6.5853405	0.004155111	0.099722664	0.398890656	3.854243517
0.612172322	6.595865727	0.004166677	0.100000248	0.400000992	3.852974892
0.612183892	6.560423374	0.004178247	0.100277928	0.401111712	3.849039555
0.612195479	6.605923653	0.004189834	0.100556016	0.402224064	3.852552652
0.612207048	6.585170269	0.004201403	0.100833672	0.403334688	3.856324673
0.612218625	6.616396427	0.00421298	0.10111152	0.40444608	3.86444521
0.61223018	6.567999363	0.004224535	0.10138884	0.40555536	3.874637842
0.612241754	6.620377541	0.004236109	0.101666616	0.406666464	3.871090889
0.612253331	6.612187862	0.004247686	0.101944464	0.407777856	3.874078274
0.612264923	6.631244659	0.004259278	0.102222672	0.408890688	3.877223969
0.612276493	6.591293335	0.004270848	0.102500352	0.410001408	3.878672123
0.612288076	6.606431484	0.004282431	0.102778344	0.411113376	3.884665966
0.612299645	6.573419571	0.004294	0.103056	0.412224	3.878035307
0.612311212	6.598533154	0.004305567	0.103333608	0.413334432	3.905889034
0.612322779	6.547639847	0.004317134	0.103611216	0.414444864	3.887149334
0.612334362	6.582030773	0.004328717	0.103889208	0.415556832	3.833153725
0.612345929	6.577521324	0.004340284	0.104166816	0.416667264	3.82942605
0.612357496	6.599820614	0.004351851	0.104444424	0.417777696	3.827582359
0.612369086	6.568417072	0.004363441	0.104722584	0.418890336	3.83475852
0.612380651	6.586298466	0.004375006	0.105000144	0.420000576	3.838216782
0.612392222	6.605167389	0.004386577	0.105277848	0.421111392	3.850813389
0.612403797	6.595615387	0.004398152	0.105555648	0.422222592	3.844672442
0.612415365	6.597367764	0.00440972	0.10583328	0.42333312	3.839020491
0.612426959	6.595583439	0.004421314	0.106111536	0.424446144	4.016170025
0.612438526	6.599342346	0.004432881	0.106389144	0.425556576	4.046720505
0.612450095	6.593166351	0.00444445	0.1066668	0.4266672	3.270477057
0.612461671	6.580807686	0.004456026	0.106944624	0.427778496	3.473882675
0.612473248	6.574131012	0.004467603	0.107222472	0.428889888	3.542953491
0.612484818	6.606381416	0.004479173	0.107500152	0.430000608	3.575454712
0.612496387	6.567726612	0.004490742	0.107777808	0.431111232	3.627695799
0.612507959	6.566509724	0.004502314	0.108055536	0.432222144	3.681491852
0.612519552	6.519498825	0.004513907	0.108333768	0.433335072	3.69815135
0.612531119	6.549361229	0.004525474	0.108611376	0.434445504	3.697297335
0.612542696	6.532807827	0.004537051	0.108889224	0.435556896	3.732832909
0.612554275	6.581229687	0.00454863	0.10916712	0.43666848	3.883438349
0.612565834	6.539579868	0.004560189	0.109444536	0.437778144	3.860215664
0.612577424	6.564471722	0.004571779	0.109722696	0.438890784	3.809644938
0.61258898	6.537578106	0.004583335	0.11000004	0.44000016	3.798617125
0.612600556	6.551239491	0.004594911	0.110277864	0.441111456	3.678568602
0.612612133	6.542265892	0.004606488	0.110555712	0.442222848	3.724555254
0.612623705	6.557484627	0.00461806	0.11083344	0.44333376	3.816063404
0.612635274	6.524394035	0.004629629	0.111111096	0.444444384	3.790127277
0.612646864	6.536739826	0.004641219	0.111389256	0.445557024	3.754921675
0.612658429	6.49023819	0.004652784	0.111666816	0.446667264	3.808046818
0.612669996	6.533922195	0.004664351	0.111944424	0.447777696	3.988091946
0.61268159	6.500195026	0.004675945	0.11222268	0.44889072	4.936770916
0.61269316	6.547327042	0.004687515	0.11250036	0.45000144	3.962802887
0.612704738	6.525579453	0.004699093	0.112778232	0.451112928	4.231851578
0.612716305	6.574185371	0.00471066	0.11305584	0.45222336	4.429056644
0.612727872	6.52355814	0.004722227	0.113333448	0.453333792	4.484815121
0.612739445	6.542894363	0.0047338	0.1136112	0.4544448	4.637433529
0.612751027	6.528975487	0.004745382	0.113889168	0.455556672	4.649429798
0.612762594	6.548553467	0.004756949	0.114166776	0.456667104	5.77315712
0.612774163	6.511745453	0.004768518	0.114444432	0.457777728	7.089911938
0.612785745	6.540187836	0.0047801	0.1147224	0.4588896	7.090295792
0.612797322	6.529759407	0.004791677	0.115000248	0.460000992	7.090263367
0.612808905	6.529441357	0.00480326	0.11527824	0.46111296	7.090367317
0.612820472	6.50233984	0.004814827	0.115555848	0.462223392	7.089774609
0.612832047	6.501169682	0.004826402	0.115833648	0.463334592	7.089986801
0.612843612	6.517103195	0.004837967	0.116111208	0.464444832	7.090184212
0.612855182	6.504117012	0.004849537	0.116388888	0.465555552	7.089983463
0.612866767	6.503679276	0.004861122	0.116666928	0.466667712	7.090191364
0.612878339	6.487832546	0.004872694	0.116944656	0.467778624	7.089578152
0.612889908	6.516049862	0.004884263	0.117222312	0.468889248	7.090126991
0.612901498	6.495227337	0.004895853	0.117500472	0.470001888	7.090302944
0.612913065	6.486693859	0.00490742	0.11777808	0.47111232	7.090564728
0.612924632	6.478419781	0.004918987	0.118055688	0.472222752	7.09043932
0.612936212	6.519877911	0.004930567	0.118333608	0.473334432	7.090471268
0.612947782	6.470633507	0.004942137	0.118611288	0.474445152	7.090065956
0.612959363	6.492355824	0.004953718	0.118889232	0.475556928	7.090166569
0.612970934	6.491521359	0.004965289	0.119166936	0.476667744	7.089882851
0.612982514	6.517493248	0.004976869	0.119444856	0.477779424	7.090080738
0.612994083	6.475055695	0.004988438	0.119722512	0.478890048	7.089915276
0.613005654	6.504869461	0.005000009	0.120000216	0.480000864	7.090004921
0.61301723	6.478169918	0.005011585	0.12027804	0.48111216	7.089943886
0.613028798	6.52712822	0.005023153	0.120555672	0.482222688	7.089900971
0.613040374	6.495846748	0.005034729	0.120833496	0.483333984	7.090041161
0.613051945	6.516052246	0.0050463	0.1211112	0.4844448	7.08944273
0.613063519	6.482631683	0.005057874	0.121388976	0.485555904	7.089545727
0.613075097	6.518917561	0.005069452	0.121666848	0.486667392	7.089564323
0.613086669	6.49077034	0.005081024	0.121944576	0.487778304	7.089775085
0.613098246	6.484148979	0.005092601	0.122222424	0.488889696	7.089706898
0.613109816	6.462765694	0.005104171	0.122500104	0.490000416	7.089893818
0.613121387	6.48920536	0.005115742	0.122777808	0.491111232	7.090040684
0.61313296	6.448564053	0.005127315	0.12305556	0.49222224	7.090130806
0.613144541	6.420587063	0.005138896	0.123333504	0.493334016	7.090241909
0.61315614	6.404421806	0.005150495	0.12361188	0.49444752	7.089621544
0.613167694	6.421342373	0.005162049	0.123889176	0.495556704	7.090033531
0.613179275	6.412586689	0.00517363	0.12416712	0.49666848	7.09034586
0.613190849	6.412406921	0.005185204	0.124444896	0.497779584	7.090123177
0.613202423	6.428030014	0.005196778	0.124722672	0.498890688	7.090188026
0.613213983	6.43988657	0.005208338	0.125000112	0.500000448	7.089882851
0.613225576	6.435738087	0.005219931	0.125278344	0.501113376	7.089901447
0.613237148	6.42771101	0.005231503	0.125556072	0.502224288	7.089993477
0.613248715	6.447025776	0.00524307	0.12583368	0.50333472	7.090493202
0.613260282	6.4435606	0.005254637	0.126111288	0.504445152	7.089757919
0.613271872	6.4515872	0.005266227	0.126389448	0.505557792	7.089944363
0.613283427	6.394648075	0.005277782	0.126666768	0.506667072	7.089835167
0.613295006	6.43038702	0.005289361	0.126944664	0.507778656	7.090141296
0.613306575	6.406625271	0.00530093	0.12722232	0.50888928	7.089886665
0.613318165	6.399816036	0.00531252	0.12750048	0.51000192	7.090213299
0.613329721	6.343039513	0.005324076	0.127777824	0.511111296	7.090058804
0.613341322	6.389763355	0.005335677	0.128056248	0.512224992	7.090493202
0.613352889	6.377483845	0.005347244	0.128333856	0.513335424	7.090095043
0.613364456	6.401082039	0.005358811	0.128611464	0.514445856	7.090643883
0.613376023	6.366613388	0.005370378	0.128889072	0.515556288	7.090446472
0.613387613	6.411747456	0.005381968	0.129167232	0.516668928	7.089753628
0.613399168	6.400595188	0.005393523	0.129444552	0.517778208	7.089643002
0.613410747	6.399496079	0.005405102	0.129722448	0.518889792	7.090188026
0.613422314	6.372196198	0.005416669	0.130000056	0.520000224	7.089872837
0.613433904	6.403814316	0.005428259	0.130278216	0.521112864	7.089484692
0.613445482	6.381457329	0.005439837	0.130556088	0.522224352	7.089775562
0.613457057	6.376207829	0.005451412	0.130833888	0.523335552	7.089635372
0.613468624	6.323889732	0.005462979	0.131111496	0.524445984	7.089907646
0.613480191	6.359606266	0.005474546	0.131389104	0.525556416	7.089567661
0.613491769	6.346943855	0.005486124	0.131666976	0.526667904	7.088906765
0.613503348	6.367272854	0.005497703	0.131944872	0.527779488	7.08941412
0.613514938	6.334729195	0.005509293	0.132223032	0.528892128	7.089126587
0.61352647	6.35768795	0.005520825	0.1324998	0.5299992	7.089044094
0.61353806	6.373362064	0.005532415	0.13277796	0.53111184	7.089528084
0.61354965	6.375874996	0.005544005	0.13305612	0.53222448	7.088864327
0.613561206	6.34865284	0.005555561	0.133333464	0.533333856	7.089429855
0.613572796	6.374176502	0.005567151	0.133611624	0.534446496	7.089595795
0.613584351	6.358311176	0.005578706	0.133888944	0.535555776	7.089452744
0.613595941	6.363332272	0.005590296	0.134167104	0.536668416	7.08973217
0.613607508	6.348765373	0.005601863	0.134444712	0.537778848	7.089212418
0.613619075	6.342746735	0.00561343	0.13472232	0.53888928	7.089847565
0.613630653	6.376753807	0.005625008	0.135000192	0.540000768	7.089502811
0.613642243	6.339037895	0.005636598	0.135278352	0.541113408	7.090102196
0.61365381	6.344156265	0.005648165	0.13555596	0.54222384	7.089498043
0.613665377	6.333068371	0.005659732	0.135833568	0.543334272	7.089358807
0.613676944	6.370659828	0.005671299	0.136111176	0.544444704	7.089391232
0.613688546	6.339328766	0.005682901	0.136389624	0.545558496	7.089764595
0.613700113	6.347332478	0.005694468	0.136667232	0.546668928	7.089840412
0.613711668	6.325387001	0.005706023	0.136944552	0.547778208	7.089237213
0.613723247	6.360221386	0.005717602	0.137222448	0.548889792	7.089600086
0.613734825	6.300699711	0.00572918	0.13750032	0.55000128	7.089560032
0.613746392	6.301126957	0.005740747	0.137777928	0.551111712	7.089502335
0.613757982	6.309707165	0.005752337	0.138056088	0.552224352	7.089567661
0.613769537	6.314768791	0.005763892	0.138333408	0.553333632	7.088620663
0.613781116	6.254797459	0.005775471	0.138611304	0.554445216	7.089492321
0.613792694	6.261466503	0.005787049	0.138889176	0.555556704	7.089571476
0.613804273	6.269974709	0.005798628	0.139167072	0.556668288	7.090252399
0.613815851	6.316364288	0.005810206	0.139444944	0.557779776	7.090177059
0.613827407	6.304347038	0.005821762	0.139722288	0.558889152	7.089793682
0.613838997	6.30926466	0.005833352	0.140000448	0.560001792	7.08955574
0.613850575	6.295892716	0.00584493	0.14027832	0.56111328	7.089660645
0.613862142	6.334934235	0.005856497	0.140555928	0.562223712	7.089854717
0.613873709	6.296578884	0.005868064	0.140833536	0.563334144	7.089706421
0.613885288	6.263638973	0.005879643	0.141111432	0.564445728	7.08935833
0.613896866	6.260451794	0.005891221	0.141389304	0.565557216	7.089911461
0.613908433	6.264492989	0.005902788	0.141666912	0.566667648	7.089828491
0.613920011	6.232002258	0.005914366	0.141944784	0.567779136	7.089553356
0.613931578	6.249844551	0.005925933	0.142222392	0.568889568	7.088907719
0.613943168	6.225649357	0.005937523	0.142500552	0.570002208	7.088815212
0.613954724	6.233743668	0.005949079	0.142777896	0.571111584	7.089169025
0.613966302	6.233086109	0.005960657	0.143055768	0.572223072	7.088929176
0.613977892	6.25581646	0.005972247	0.143333928	0.573335712	7.08943224
0.613989448	6.249310017	0.005983803	0.143611272	0.574445088	7.089186192
0.614001038	6.255664349	0.005995393	0.143889432	0.575557728	7.089499474
0.614012605	6.259055138	0.00600696	0.14416704	0.57666816	7.089682579
0.614024183	6.217374802	0.006018538	0.144444912	0.577779648	7.089782238
0.61403575	6.252902508	0.006030105	0.14472252	0.57889008	7.089753628
0.614047317	6.236535549	0.006041672	0.145000128	0.580000512	7.088828564
0.614058905	6.243774891	0.00605326	0.14527824	0.58111296	7.089643002
0.614070472	6.208241463	0.006064827	0.145555848	0.582223392	7.089682579
0.614082054	6.24665308	0.006076409	0.145833816	0.583335264	7.089983463
0.614093632	6.228572846	0.006087987	0.146111688	0.584446752	7.089646339
0.614105199	6.237184048	0.006099554	0.146389296	0.585557184	7.088982105
0.614116761	6.185499191	0.006111116	0.146666784	0.586667136	7.089614391
0.614128338	6.221532345	0.006122693	0.146944632	0.587778528	7.089384079
0.614139913	6.204114914	0.006134268	0.147222432	0.588889728	7.089775562
0.614151495	6.198000908	0.00614585	0.1475004	0.5900016	7.089481831
0.614163073	6.187226772	0.006157428	0.147778272	0.591113088	7.088904858
0.614174652	6.223776341	0.006169007	0.148056168	0.592224672	7.089563847
0.614186207	6.195759773	0.006180562	0.148333488	0.593333952	7.089470387
0.614197797	6.205031395	0.006192152	0.148611648	0.594446592	7.089811325
0.614209364	6.149962902	0.006203719	0.148889256	0.595557024	7.089046955
0.614220954	6.215661049	0.006215309	0.149167416	0.596669664	7.089140892
0.614232521	6.186997414	0.006226876	0.149445024	0.597780096	7.089908123
0.614244078	6.195842266	0.006238433	0.149722392	0.598889568	7.089998245
0.614255668	6.16327095	0.006250023	0.150000552	0.600002208	7.090349197
0.614267235	6.195491791	0.00626159	0.15027816	0.60111264	7.090202332
0.614278813	6.192421913	0.006273168	0.150556032	0.602224128	7.089528084
0.614290392	6.202661514	0.006284747	0.150833928	0.603335712	7.089711189
0.614301964	6.165709972	0.006296319	0.151111656	0.604446624	7.089377403
0.614313533	6.21365881	0.006307888	0.151389312	0.605557248	7.089846611
0.6143251	6.21052742	0.006319455	0.15166692	0.60666768	7.088534355
0.614336672	6.206741333	0.006331027	0.151944648	0.607778592	7.089369774
0.614348273	6.181384563	0.006342628	0.152223072	0.608892288	7.089638233
0.614359829	6.203596115	0.006354184	0.152500416	0.610001664	7.089600086
0.61437139	6.19742775	0.006365745	0.15277788	0.61111152	7.089735508
0.61438298	6.171404362	0.006377335	0.15305604	0.61222416	7.088781357
0.614394547	6.174328804	0.006388902	0.153333648	0.613334592	7.089165688
0.614406127	6.154165268	0.006400482	0.153611568	0.614446272	7.08898592
0.614417706	6.192158222	0.006412061	0.153889464	0.615557856	7.089507103
0.614429277	6.15313673	0.006423632	0.154167168	0.616668672	7.089480877
0.614440844	6.169999123	0.006435199	0.154444776	0.617779104	7.089293957
0.614452441	6.140573502	0.006446796	0.154723104	0.618892416	7.08935976
0.614463984	6.134026051	0.006458339	0.155000136	0.620000544	7.08976078
0.614475563	6.161738873	0.006469918	0.155278032	0.621112128	7.089668274
0.614487141	6.166769028	0.006481496	0.155555904	0.622223616	7.088838577
0.614498724	6.139363766	0.006493079	0.155833896	0.623335584	7.089166641
0.614510291	6.197357178	0.006504646	0.156111504	0.624446016	7.089412689
0.614521858	6.172001839	0.006516213	0.156389112	0.625556448	7.089883328
0.614533437	6.186113358	0.006527792	0.156667008	0.626668032	7.090022564
0.614545017	6.156424999	0.006539372	0.156944928	0.627779712	7.08911562
0.614556602	6.192759514	0.006550957	0.157222968	0.628891872	7.089448452
0.614568157	6.180603027	0.006562512	0.157500288	0.630001152	7.089851379
0.614579747	6.187966824	0.006574102	0.157778448	0.631113792	7.089717388
0.614591314	6.149253845	0.006585669	0.158056056	0.632224224	7.089886665
0.614602893	6.152656555	0.006597248	0.158333952	0.633335808	7.089118958
0.614614448	6.147054195	0.006608803	0.158611272	0.634445088	7.089836597
0.614626027	6.156871319	0.006620382	0.158889168	0.635556672	7.089788914
0.614637594	6.133158684	0.006631949	0.159166776	0.636667104	7.089682579
0.614649177	6.135855198	0.006643532	0.159444768	0.637779072	7.089524269
0.614660755	6.145484924	0.00665511	0.15972264	0.63889056	7.088552475
0.614672322	6.155505657	0.006666677	0.160000248	0.640000992	7.089549065
0.614683912	6.131784439	0.006678267	0.160278408	0.641113632	7.089570999
0.614695498	6.122840881	0.006689853	0.160556472	0.642225888	7.090055466
0.614707072	6.113513947	0.006701427	0.160834248	0.643336992	7.090156078
0.614718628	6.122652531	0.006712983	0.161111592	0.644446368	7.089774609
0.614730195	6.097383499	0.00672455	0.1613892	0.6455568	7.089477539
0.614741762	6.08032608	0.006736117	0.161666808	0.646667232	7.089374065
0.614753352	6.087946892	0.006747707	0.161944968	0.647779872	7.08981514
0.614764942	6.099821568	0.006759297	0.162223128	0.648892512	7.089148045
0.614776486	6.089749813	0.006770841	0.162500184	0.650000736	7.089186668
0.614788076	6.03925848	0.006782431	0.162778344	0.651113376	7.089664459
0.614799643	6.035225868	0.006793998	0.163055952	0.652223808	7.089617252
0.614811209	6.035513401	0.006805564	0.163333536	0.653334144	7.089875698
0.614822788	6.084039688	0.006817143	0.163611432	0.654445728	7.088814259
0.614834366	6.046326637	0.006828721	0.163889304	0.655557216	7.089226246
0.614845945	6.070925236	0.0068403	0.1641672	0.6566688	7.089094639
0.614857523	6.03216219	0.006851878	0.164445072	0.657780288	7.088924885
0.614869102	6.081595898	0.006863457	0.164722968	0.658891872	7.0899086
0.614880669	6.047514439	0.006875024	0.165000576	0.660002304	7.089212418
0.614892224	6.053700447	0.006886579	0.165277896	0.661111584	7.089424133
0.614903826	6.041581154	0.006898181	0.165556344	0.662225376	7.089688301
0.614915381	6.096244335	0.006909736	0.165833664	0.663334656	7.089890003
0.61492696	6.085888863	0.006921315	0.16611156	0.66444624	7.090008736
0.614938527	6.087893963	0.006932882	0.166389168	0.665556672	7.08889246
0.614950105	6.044882298	0.00694446	0.16666704	0.66666816	7.089507103
0.614961672	6.091609001	0.006956027	0.166944648	0.667778592	7.089602947
0.614973262	6.084646225	0.006967617	0.167222808	0.668891232	7.08981514
0.614984817	6.071075916	0.006979172	0.167500128	0.670000512	7.089108467
0.614996407	6.024859905	0.006990762	0.167778288	0.671113152	7.089301109
0.615007974	6.048119545	0.007002329	0.168055896	0.672223584	7.090019703
0.615019541	6.050094605	0.007013896	0.168333504	0.673334016	7.089743137
0.615031131	6.074479103	0.007025486	0.168611664	0.674446656	7.089585304
0.61504271	5.828877926	0.007037065	0.16888956	0.67555824	7.089425564
0.615054277	6.045059681	0.007048632	0.169167168	0.676668672	7.088968754
0.615065855	6.081270218	0.00706021	0.16944504	0.67778016	7.089484692
0.615077411	6.192986012	0.007071766	0.169722384	0.678889536	7.089398861
0.615088989	5.963075638	0.007083344	0.170000256	0.680001024	7.089839459
0.615100579	5.984214306	0.007094934	0.170278416	0.681113664	7.08924818
0.615112144	5.912493706	0.007106499	0.170555976	0.682223904	7.089387894
0.615123723	5.935116768	0.007118078	0.170833872	0.683335488	7.089139938
0.615135313	5.930327416	0.007129668	0.171112032	0.684448128	7.089972973
0.615146868	5.919579983	0.007141223	0.171389352	0.685557408	7.090169907
0.61515844	5.900455952	0.007152795	0.17166708	0.68666832	7.090188026
0.615170011	5.943204403	0.007164366	0.171944784	0.687779136	7.089402199
0.615181578	5.950465202	0.007175933	0.172222392	0.688889568	7.089767456
0.615192971	5.962434292	0.007187326	0.172495824	0.689983296	7.090120316
0.615204746	5.915537357	0.007199101	0.172778424	0.691113696	7.08976841
0.615216313	5.909924984	0.007210668	0.173056032	0.692224128	7.08923769
0.615227892	5.911398888	0.007222247	0.173333928	0.693335712	7.089424133
0.615239112	5.912172318	0.007233467	0.173603208	0.694412832	7.089356422
0.615251026	5.919419289	0.007245381	0.173889144	0.695556576	7.089542866
0.615262616	5.875873089	0.007256971	0.174167304	0.696669216	7.089254856
0.615274183	5.915716648	0.007268538	0.174444912	0.697779648	7.088846684
0.615285761	5.864900112	0.007280116	0.174722784	0.698891136	7.089148045
0.615297316	5.895914555	0.007291671	0.175000104	0.700000416	7.088393688
0.615308895	5.878240109	0.00730325	0.175278	0.701112	7.089517593
0.615320485	5.858687401	0.00731484	0.17555616	0.70222464	7.089272976
0.61533204	5.909039021	0.007326395	0.17583348	0.70333392	7.088964939
0.615343619	5.912875176	0.007337974	0.176111376	0.704445504	7.089643002
0.615355174	5.882824421	0.007349529	0.176388696	0.705554784	7.089610577
0.615366776	5.883643627	0.007361131	0.176667144	0.706668576	7.089441299
0.615378343	5.911529541	0.007372698	0.176944752	0.707779008	7.08917284
0.615389933	5.932589531	0.007384288	0.177222912	0.708891648	7.089485169
0.615401486	5.903767586	0.007395841	0.177500184	0.710000736	7.089517117
0.615413059	5.908430576	0.007407414	0.177777936	0.711111744	7.089517593
0.615424653	5.920688629	0.007419008	0.178056192	0.712224768	7.08955574
0.615436214	5.926607609	0.007430569	0.178333656	0.713334624	7.088968754
0.615447793	5.904502392	0.007442148	0.178611552	0.714446208	7.089502811
0.615459361	5.864602089	0.007453716	0.178889184	0.715556736	7.089559555
0.615470951	5.864087582	0.007465306	0.179167344	0.716669376	7.089485169
0.615482507	5.895383358	0.007476862	0.179444688	0.717778752	7.089969158
0.615494085	5.916255474	0.00748844	0.17972256	0.71889024	7.089004993
0.615505652	5.89640522	0.007500007	0.180000168	0.720000672	7.089553356
0.615517242	5.867566586	0.007511597	0.180278328	0.721113312	7.089374065
0.615528809	5.859211922	0.007523164	0.180555936	0.722223744	7.089943886
0.615540376	5.877332687	0.007534731	0.180833544	0.723334176	7.089309216
0.615551966	5.860583782	0.007546321	0.181111704	0.724446816	7.088997364
0.615563544	5.870098591	0.007557899	0.181389576	0.725558304	7.089478016
0.6155751	5.82482481	0.007569455	0.18166692	0.72666768	7.089664459
0.615586678	5.83483839	0.007581033	0.181944792	0.727779168	7.090453625
0.615598257	5.848165512	0.007592612	0.182222688	0.728890752	7.090241432
0.615609824	5.852660656	0.007604179	0.182500296	0.730001184	7.089556217
0.615621414	5.841546536	0.007615769	0.182778456	0.731113824	7.089363098
0.615632981	5.873736382	0.007627336	0.183056064	0.732224256	7.089600086
0.615644548	5.868261337	0.007638903	0.183333672	0.733334688	7.090202332
0.615656114	5.857326031	0.007650469	0.183611256	0.734445024	7.088971615
0.615667693	5.808316231	0.007662048	0.183889152	0.735556608	7.089502811
0.615679295	5.822139263	0.00767365	0.1841676	0.7366704	7.089358807
0.61569085	5.799572468	0.007685205	0.18444492	0.73777968	7.089540958
0.615702428	5.827217102	0.007696783	0.184722792	0.738891168	7.089678764
0.615714007	5.795823097	0.007708362	0.185000688	0.740002752	7.088720322
0.615725562	5.791152	0.007719917	0.185278008	0.741112032	7.089263439
0.615737152	5.773731709	0.007731507	0.185556168	0.742224672	7.088935375
0.615748719	5.831705093	0.007743074	0.185833776	0.743335104	7.088989258
0.615760287	5.786023617	0.007754642	0.186111408	0.744445632	7.089822292
0.615771877	5.779610157	0.007766232	0.186389568	0.745558272	7.089216709
0.615783445	5.753234863	0.0077778	0.1866672	0.7466688	7.089411736
0.615795023	5.791113377	0.007789378	0.186945072	0.747780288	7.089653492
0.615806602	5.804675102	0.007800957	0.187222968	0.748891872	7.090051651
0.61581817	5.799595356	0.007812525	0.1875006	0.7500024	7.089922905
0.615829749	5.781229496	0.007824104	0.187778496	0.751113984	7.089172363
0.615841316	5.760947228	0.007835671	0.188056104	0.752224416	7.089541912
0.615852883	5.798844814	0.007847238	0.188333712	0.753334848	7.089514256
0.615864474	5.788567543	0.007858829	0.188611896	0.754447584	7.090062618
0.615876041	5.766976833	0.007870396	0.188889504	0.755558016	7.089146614
0.61588762	5.73903513	0.007881975	0.1891674	0.7566696	7.089370251
0.615899183	5.716999054	0.007893538	0.189444912	0.757779648	7.089362621
0.615910764	5.731807232	0.007905119	0.189722856	0.758891424	7.089578629
0.615922347	5.751299858	0.007916702	0.190000848	0.760003392	7.089958191
0.615933909	5.692982674	0.007928264	0.190278336	0.761113344	7.089363098
0.615945482	5.707318783	0.007939837	0.190556088	0.762224352	7.089287281
0.615957055	5.704731464	0.00795141	0.19083384	0.76333536	7.089204788
0.615968627	5.740614414	0.007962982	0.191111568	0.764446272	7.089642525
0.615980217	5.693032742	0.007974572	0.191389728	0.765558912	7.089940548
0.615991777	5.687566757	0.007986132	0.191667168	0.766668672	7.089007855
0.616003356	5.651723385	0.007997711	0.191945064	0.767780256	7.089384556
0.616014935	5.693871021	0.00800929	0.19222296	0.76889184	7.089419842
0.616026502	5.680892944	0.008020857	0.192500568	0.770002272	7.089457035
0.616038083	5.659198761	0.008032438	0.192778512	0.771114048	7.090177536
0.61604965	5.639631748	0.008044005	0.19305612	0.77222448	7.08993721
0.616061229	5.672118664	0.008055584	0.193334016	0.773336064	7.089336395
0.616072808	5.638761044	0.008067163	0.193611912	0.774447648	7.089441776
0.616084375	5.673223496	0.00807873	0.19388952	0.77555808	7.089714527
0.616095977	5.635461807	0.008090332	0.194167968	0.776671872	7.089671135
0.616107539	5.67166996	0.008101894	0.194445456	0.777781824	7.088846684
0.616119095	5.65658617	0.00811345	0.1947228	0.7788912	7.089606285
0.616130674	5.633603573	0.008125029	0.195000696	0.780002784	7.089392185
0.616142253	5.610788822	0.008136608	0.195278592	0.781114368	7.08969307
0.61615382	5.641401291	0.008148175	0.1955562	0.7822248	7.089429855
0.616165411	5.634129524	0.008159766	0.195834384	0.783337536	7.089251995
0.616176967	5.646657467	0.008171322	0.196111728	0.784446912	7.089419842
0.61618856	5.605603218	0.008182915	0.19638996	0.78555984	7.08845377
0.616200131	5.589443207	0.008194486	0.196667664	0.786670656	7.089602947
0.616211708	5.584664822	0.008206063	0.196945512	0.787782048	7.088868141
0.616223264	5.58193779	0.008217619	0.197222856	0.788891424	7.089330673
0.616234855	5.582072735	0.00822921	0.19750104	0.79000416	7.089122772
0.616246434	5.583988667	0.008240789	0.197778936	0.791115744	7.08956337
0.616258001	5.602702141	0.008252356	0.198056544	0.792226176	7.089893818
0.616269568	5.602909088	0.008263923	0.198334152	0.793336608	7.089158535
0.616281136	5.529559612	0.008275491	0.198611784	0.794447136	7.089208126
0.616292726	5.527619839	0.008287081	0.198889944	0.795559776	7.089166641
0.616304294	5.567423821	0.008298649	0.199167576	0.796670304	7.089929581
0.616315861	5.584610939	0.008310216	0.199445184	0.797780736	7.089832783
0.616327451	5.544921398	0.008321806	0.199723344	0.798893376	7.089182377
0.61633903	5.509204388	0.008333385	0.20000124	0.80000496	7.089380741
0.616350586	5.543394089	0.008344941	0.200278584	0.801114336	7.089398861
0.616362165	5.526640415	0.00835652	0.20055648	0.80222592	7.089574337
0.616373732	5.529485703	0.008368087	0.200834088	0.803336352	7.089757919
0.616385323	5.499695778	0.008379678	0.201112272	0.804449088	7.08899641
0.61639689	5.538401127	0.008391245	0.20138988	0.80555952	7.089384556
0.616408458	5.505398274	0.008402813	0.201667512	0.806670048	7.089502335
0.61642006	5.496547699	0.008414415	0.20194596	0.80778384	7.089718819
0.616431627	5.487366676	0.008425982	0.202223568	0.808894272	7.089724541
0.616443183	5.531691074	0.008437538	0.202500912	0.810003648	7.088717461
0.616454773	5.508374214	0.008449128	0.202779072	0.811116288	7.089391708
0.616466341	5.473610878	0.008460696	0.203056704	0.812226816	7.08989048
0.616477908	5.486682415	0.008472263	0.203334312	0.813337248	7.090069771
0.616489498	5.514042378	0.008483853	0.203612472	0.814449888	7.090137959
0.616501054	5.479040146	0.008495409	0.203889816	0.815559264	7.089510441
0.616512645	5.480158329	0.008507	0.204168	0.816672	7.089667797
0.616524224	5.467990875	0.008518579	0.204445896	0.817783584	7.089437008
0.616535779	5.476733685	0.008530134	0.204723216	0.818892864	7.089682579
0.616547358	5.426785946	0.008541713	0.205001112	0.820004448	7.089125633
0.616558926	5.41679287	0.008553281	0.205278744	0.821114976	7.089388371
0.616570516	5.415410519	0.008564871	0.205556904	0.822227616	7.089411259
0.616582107	5.422371864	0.008576462	0.205835088	0.823340352	7.089584827
0.616593651	5.397690773	0.008588006	0.206112144	0.824448576	7.089657307
0.61660523	5.385961056	0.008599585	0.20639004	0.82556016	7.088627815
0.616616832	5.404674053	0.008611187	0.206668488	0.826673952	7.089214325
0.616628376	5.38466692	0.008622731	0.206945544	0.827782176	7.089275837
0.616639955	5.375734329	0.00863431	0.20722344	0.82889376	7.088906765
0.616651522	5.330087185	0.008645877	0.207501048	0.830004192	7.089818955
0.616663113	5.32363081	0.008657468	0.207779232	0.831116928	7.088785648
0.616674703	5.34637785	0.008669058	0.208057392	0.832229568	7.089477539
0.616686247	5.295055389	0.008680602	0.208334448	0.833337792	7.089667797
0.616697826	5.288757324	0.008692181	0.208612344	0.834449376	7.08968544
0.616709394	5.318808556	0.008703749	0.208889976	0.835559904	7.08931303
0.616720753	5.316773891	0.008715108	0.209162592	0.836650368	7.089159012
0.616732552	5.303029537	0.008726907	0.209445768	0.837783072	7.089484692
0.61674413	5.256316185	0.008738485	0.20972364	0.83889456	7.089653492
0.616755698	5.25185585	0.008750053	0.210001272	0.840005088	7.089980125
0.616767288	5.275342941	0.008761643	0.210279432	0.841117728	7.089118481
0.616778844	5.28089571	0.008773199	0.210556776	0.842227104	7.089094639
0.616790423	5.168670654	0.008784778	0.210834672	0.843338688	7.089452744
0.616802002	5.230329514	0.008796357	0.211112568	0.844450272	7.089612961
0.616813569	5.216411591	0.008807924	0.211390176	0.845560704	7.089743614
0.616825171	5.242878437	0.008819526	0.211668624	0.846674496	7.088824272
0.616836716	5.187842846	0.008831071	0.211945704	0.847782816	7.089231014
0.616848294	5.210801125	0.008842649	0.212223576	0.848894304	7.089667797
0.61685985	5.216681004	0.008854205	0.21250092	0.85000368	7.089502811
0.616871441	5.193074226	0.008865796	0.212779104	0.851116416	7.090205669
0.616883031	5.157743454	0.008877386	0.213057264	0.852229056	7.088994503
0.616894587	5.152910233	0.008888942	0.213334608	0.853338432	7.089541912
0.616906177	5.181689739	0.008900532	0.213612768	0.854451072	7.089563847
0.616917756	5.196661949	0.008912111	0.213890664	0.855562656	7.090054989
0.616929324	5.141535282	0.008923679	0.214168296	0.856673184	7.090180874
0.616940891	5.113963127	0.008935246	0.214445904	0.857783616	7.089670658
0.616952482	5.112473011	0.008946837	0.214724088	0.858896352	7.089380264
0.616964049	5.137420178	0.008958404	0.215001696	0.860006784	7.089352131
0.616975616	5.109890938	0.008969971	0.215279304	0.861117216	7.08987236
0.616987195	5.100788117	0.00898155	0.2155572	0.8622288	7.089327335
0.616998763	5.123797894	0.008993118	0.215834832	0.863339328	7.089122295
0.617010353	5.162305832	0.009004708	0.216112992	0.864451968	7.089251995
0.61702192	5.084085941	0.009016275	0.2163906	0.8655624	7.089437962
0.617033488	5.041474342	0.009027843	0.216668232	0.866672928	7.089728355
0.617045066	5.040300846	0.009039421	0.216946104	0.867784416	7.089104652
0.617056633	5.040820122	0.009050988	0.217223712	0.868894848	7.089380741
0.617068235	5.018479824	0.00906259	0.21750216	0.87000864	7.089338303
0.617079791	4.946922302	0.009074146	0.217779504	0.871118016	7.089200974
0.61709137	4.932117939	0.009085725	0.2180574	0.8722296	7.089607239
0.617102949	4.906760693	0.009097304	0.218335296	0.873341184	7.088545322
0.617114528	4.918756962	0.009108883	0.218613192	0.874452768	7.089305878
0.617126095	4.844476223	0.00912045	0.2188908	0.8755632	7.089186192
0.617137662	4.905506134	0.009132017	0.219168408	0.876673632	7.089545727
0.617149241	4.84291029	0.009143596	0.219446304	0.877785216	7.089743137
0.617160808	4.868665218	0.009155163	0.219723912	0.878895648	7.088886261
0.617172376	4.832108975	0.009166731	0.220001544	0.880006176	7.089355946
0.617183966	4.817298412	0.009178321	0.220279704	0.881118816	7.089492321
0.617195545	4.822436333	0.0091899	0.2205576	0.8822304	7.089736462
0.617207113	4.851857662	0.009201468	0.220835232	0.883340928	7.089743137
0.617218703	4.802948952	0.009213058	0.221113392	0.884453568	7.088865757
0.617230259	4.811621666	0.009224614	0.221390736	0.885562944	7.089358807
0.617241849	4.798579216	0.009236204	0.221668896	0.886675584	7.089342117
0.617253428	4.782240868	0.009247783	0.221946792	0.887787168	7.089865208
0.617264972	4.733868599	0.009259327	0.222223848	0.888895392	7.089183331
0.617276563	4.723849773	0.009270918	0.222502032	0.890008128	7.088961124
0.617288142	4.714262962	0.009282497	0.222779928	0.891119712	7.08948803
0.617299709	4.701935291	0.009294064	0.223057536	0.892230144	7.089517593
0.617311277	4.642159939	0.009305632	0.223335168	0.893340672	7.089803696
0.617322844	4.624772549	0.009317199	0.223612776	0.894451104	7.088943481
0.617334423	4.622484207	0.009328778	0.223890672	0.895562688	7.089244843
0.617346013	4.682398319	0.009340368	0.224168832	0.896675328	7.089078903
0.617357569	4.642803192	0.009351924	0.224446176	0.897784704	7.089882851
0.61736916	4.617542267	0.009363515	0.22472436	0.89889744	7.090141296
0.61738075	4.563235283	0.009375105	0.22500252	0.90001008	7.090116501
0.617392306	4.573493481	0.009386661	0.225279864	0.901119456	7.089524269
0.617403885	4.571788311	0.00939824	0.22555776	0.90223104	7.089142323
0.617415441	4.497879982	0.009409796	0.225835104	0.903340416	7.089836121
0.617427031	4.472895622	0.009421386	0.226113264	0.904453056	7.089549065
0.617438622	4.468099117	0.009432977	0.226391448	0.905565792	7.088559628
0.617450166	4.501425266	0.009444521	0.226668504	0.906674016	7.089517593
0.617461756	4.428420067	0.009456111	0.226946664	0.907786656	7.089725018
0.617473324	4.436511517	0.009467679	0.227224296	0.908897184	7.089728832
0.617484914	4.42617178	0.009479269	0.227502456	0.910009824	7.08969307
0.61749647	4.505932331	0.009490825	0.2277798	0.9111192	7.089064121
0.617508049	4.381110191	0.009502404	0.228057696	0.912230784	7.088925362
0.617519628	4.362788677	0.009513983	0.228335592	0.913342368	7.088752747
0.617531207	4.319570065	0.009525562	0.228613488	0.914453952	7.089374542
0.617542762	4.395298004	0.009537117	0.228890808	0.915563232	7.089369774
0.617554341	4.256915093	0.009548696	0.229168704	0.916674816	7.089187145
0.617565943	4.352477551	0.009560298	0.229447152	0.917788608	7.089391708
0.617577488	4.346162319	0.009571843	0.229724232	0.918896928	7.089492321
0.617589078	4.374807835	0.009583433	0.230002392	0.920009568	7.089695454
0.617600634	4.276135445	0.009594989	0.230279736	0.921118944	7.089143753
0.617612236	4.338698864	0.009606591	0.230558184	0.922232736	7.089531899
0.617623803	4.374897957	0.009618158	0.230835792	0.923343168	7.089323044
0.617635371	4.307787418	0.009629726	0.231113424	0.924453696	7.089646339
0.617646949	4.262367725	0.009641304	0.231391296	0.925565184	7.089412689
0.617658505	4.314536095	0.00965286	0.23166864	0.92667456	7.089062214
0.617670084	4.287261963	0.009664439	0.231946536	0.927786144	7.089459419
0.617681663	4.288456917	0.009676018	0.232224432	0.928897728	7.089258194
0.61769323	4.221724987	0.009687585	0.23250204	0.93000816	7.089284897
0.617704833	4.271823406	0.009699188	0.232780512	0.931122048	7.089603424
0.6177164	4.298713207	0.009710755	0.23305812	0.93223248	7.088924885
0.617727956	4.272516727	0.009722311	0.233335464	0.933341856	7.089334965
0.617739546	4.208750248	0.009733901	0.233613624	0.934454496	7.089523792
0.617751102	4.195470333	0.009745457	0.233890968	0.935563872	7.089772224
0.617762681	4.24836731	0.009757036	0.234168864	0.936675456	7.089772224
0.61777426	4.239212513	0.009768615	0.23444676	0.93778704	7.088873386
0.617785839	4.184602737	0.009780194	0.234724656	0.938898624	7.089463234
0.617797406	4.166108131	0.009791761	0.235002264	0.940009056	7.089704037
0.617808996	4.223031044	0.009803351	0.235280424	0.941121696	7.08979702
0.617820552	4.236605167	0.009814907	0.235557768	0.942231072	7.090141773
0.617832143	4.155195236	0.009826498	0.235835952	0.943343808	7.089452267
0.617843699	4.133947372	0.009838054	0.236113296	0.944453184	7.089442253
0.617855277	4.15370512	0.009849632	0.236391168	0.945564672	7.08937788
0.61786688	4.137317658	0.009861235	0.23666964	0.94667856	7.089735031
0.617878435	4.11337471	0.00987279	0.23694696	0.94778784	7.089434624
0.617890003	4.092055798	0.009884358	0.237224592	0.948898368	7.089337349
0.617901593	4.11469698	0.009895948	0.237502752	0.950011008	7.089420795
0.61791316	4.121626854	0.009907515	0.23778036	0.95112144	7.089352131
0.617924739	4.129575253	0.009919094	0.238058256	0.952233024	7.089621544
0.617936087	4.059709549	0.009930442	0.238330608	0.953322432	7.088785648
0.617947874	4.127794266	0.009942229	0.238613496	0.954453984	7.088766098
0.617959465	4.121180534	0.00995382	0.23889168	0.95556672	7.089035511
0.61797102	4.081398487	0.009965375	0.239169	0.956676	7.088935375
0.617982599	4.025384903	0.009976954	0.239446896	0.957787584	7.089406014
0.617994167	4.076397419	0.009988522	0.239724528	0.958898112	7.088846684
0.618005746	4.139151096	0.010000101	0.240002424	0.960009696	7.089355469
0.618017336	4.137957096	0.010011691	0.240280584	0.961122336	7.089438438
0.618028892	4.050556183	0.010023247	0.240557928	0.962231712	7.089668274
0.618040482	3.995566845	0.010034837	0.240836088	0.963344352	7.089585304
0.61805205	4.063093662	0.010046405	0.24111372	0.96445488	7.088730335
0.618063617	4.082675457	0.010057972	0.241391328	0.965565312	7.089356422
0.618075196	4.078326225	0.010069551	0.241669224	0.966676896	7.089595795
0.618086763	4.04598093	0.010081118	0.241946832	0.967787328	7.089313507
0.618098354	4.020951748	0.010092709	0.242225016	0.968900064	7.089337349
0.618109933	4.110927105	0.010104288	0.242502912	0.970011648	7.088943481
0.618121488	4.092852116	0.010115843	0.242780232	0.971120928	7.089437962
0.618133067	4.072161675	0.010127422	0.243058128	0.972232512	7.089667797
0.618144646	4.043690682	0.010139001	0.243336024	0.973344096	7.089778423
0.618156214	4.036131382	0.010150569	0.243613656	0.974454624	7.08899641
0.618167793	4.048984528	0.010162148	0.243891552	0.975566208	7.089700222
0.618179371	4.037191391	0.010173726	0.244169424	0.976677696	7.089460373
0.618190939	4.006899357	0.010185294	0.244447056	0.977788224	7.089682102
0.618202529	4.014976978	0.010196884	0.244725216	0.978900864	7.089420319
0.618214108	4.052044869	0.010208463	0.245003112	0.980012448	7.08852005
0.618225676	4.018708706	0.010220031	0.245280744	0.981122976	7.089582443
0.618237266	3.990432262	0.010231621	0.245558904	0.982235616	7.089609623
0.61824881	3.949180365	0.010243165	0.24583596	0.98334384	7.089800358
0.618260389	4.0728302	0.010254744	0.246113856	0.984455424	7.089972973
0.618271968	3.971827984	0.010266323	0.246391752	0.985567008	7.089882851
0.618283535	4.004737854	0.01027789	0.24666936	0.98667744	7.089169979
0.618295137	3.92064476	0.010289492	0.246947808	0.987791232	7.089445114
0.618306682	4.00316	0.010301037	0.247224888	0.988899552	7.08969307
0.618318261	3.991518974	0.010312616	0.247502784	0.990011136	7.089413166
0.618329851	4.012126446	0.010324206	0.247780944	0.991123776	7.088889599
0.618341407	3.889624357	0.010335762	0.248058288	0.992233152	7.089233398
0.618352986	3.983061791	0.010347341	0.248336184	0.993344736	7.089585304
0.618364565	3.950848818	0.01035892	0.24861408	0.99445632	7.089585304
0.618376144	3.954320431	0.010370499	0.248891976	0.995567904	7.089204788
0.618387723	3.862615585	0.010382078	0.249169872	0.996679488	7.089000225
0.61839929	3.942319632	0.010393645	0.24944748	0.99778992	7.089276314
0.618410857	3.961041212	0.010405212	0.249725088	0.998900352	7.088717461
0.618422436	3.951446772	0.010416791	0.250002984	1.000011936	7.089624882
0.618434015	3.908678293	0.01042837	0.25028088	1.00112352	7.089089394
0.618445594	3.902713776	0.010439949	0.250558776	1.002235104	7.089258671
0.618457161	3.945841789	0.010451516	0.250836384	1.003345536	7.08929491
0.61846874	3.961104155	0.010463095	0.25111428	1.00445712	7.089469433
0.618480331	4.344693184	0.010474686	0.251392464	1.005569856	7.089943886
0.618491875	4.064471245	0.01048623	0.25166952	1.00667808	7.08902216
0.618503465	4.037883282	0.01049782	0.25194768	1.00779072	7.0896101
0.618515033	4.032828331	0.010509388	0.252225312	1.008901248	7.089348793
0.618526612	4.039200783	0.010520967	0.252503208	1.010012832	7.089767933
0.618538191	3.81557703	0.010532546	0.252781104	1.011124416	7.089639187
0.618549746	3.745342732	0.010544101	0.253058424	1.012233696	7.089111328
0.618561337	3.827066183	0.010555692	0.253336608	1.013346432	7.089530468
0.618572927	3.77409792	0.010567282	0.253614768	1.014459072	7.089474201
0.618584495	3.750046969	0.01057885	0.2538924	1.0155696	7.089900971
0.618596051	3.765054464	0.010590406	0.254169744	1.016678976	7.089560509
0.618607618	3.764512539	0.010601973	0.254447352	1.017789408	7.088964939
0.618619208	3.812380314	0.010613563	0.254725512	1.018902048	7.089467049
0.618630787	3.826779842	0.010625142	0.255003408	1.020013632	7.089320183
0.618642343	3.848745823	0.010636698	0.255280752	1.021123008	7.089560986
0.618653922	3.853117466	0.010648277	0.255558648	1.022234592	7.089479923
0.618665501	3.884492159	0.010659856	0.255836544	1.023346176	7.089054108
0.61867708	3.833269596	0.010671435	0.25611444	1.02445776	7.08935976
0.618688659	3.88346529	0.010683014	0.256392336	1.025569344	7.089653492
0.618700226	3.86383462	0.010694581	0.256669944	1.026679776	7.090008736
0.618711793	3.92848444	0.010706148	0.256947552	1.027790208	7.090051651
0.618723384	3.794734478	0.010717739	0.257225736	1.028902944	7.089557171
0.618734963	3.839718103	0.010729318	0.257503632	1.030014528	7.089517593
0.61874653	3.794776917	0.010740885	0.25778124	1.03112496	7.089534283
0.618758098	3.819216728	0.010752453	0.258058872	1.032235488	7.089553356
0.618769676	3.82449317	0.010764031	0.258336744	1.033346976	7.089075565
0.618781255	3.827672243	0.01077561	0.25861464	1.03445856	7.08948803
0.618792823	3.810763836	0.010787178	0.258892272	1.035569088	7.089592457
0.61880439	3.906438112	0.010798745	0.25916988	1.03667952	7.089552879
0.618815981	3.961620331	0.010810336	0.259448064	1.037792256	7.089391708
0.618827536	3.88069129	0.010821891	0.259725384	1.038901536	7.088657379
0.618839127	3.891655684	0.010833482	0.260003568	1.040014272	7.08881712
0.618850694	3.831650496	0.010845049	0.260281176	1.041124704	7.088633537
0.618862262	3.876766205	0.010856617	0.260558808	1.042235232	7.088939667
0.618873852	3.861840725	0.010868207	0.260836968	1.043347872	7.088875771
0.618885419	3.810842514	0.010879774	0.261114576	1.044458304	7.089071751
0.618896987	3.7939713	0.010891342	0.261392208	1.045568832	7.089416981
0.618908577	3.88757062	0.010902932	0.261670368	1.046681472	7.089438438
0.618920145	3.828574419	0.0109145	0.261948	1.047792	7.09001255
0.618931712	3.833530903	0.010926067	0.262225608	1.048902432	7.089311123
0.618943279	3.853614569	0.010937634	0.262503216	1.050012864	7.088974953
0.618954858	3.865172625	0.010949213	0.262781112	1.051124448	7.089344978
0.618966449	3.859574556	0.010960804	0.263059296	1.052237184	7.089549065
0.618978016	3.841701746	0.010972371	0.263336904	1.053347616	7.089735985
0.618989583	3.785389185	0.010983938	0.263614512	1.054458048	7.088673592
0.619001151	3.783875465	0.010995506	0.263892144	1.055568576	7.088782787
0.619012741	3.804035425	0.011007096	0.264170304	1.056681216	7.089241028
0.619024309	3.808863401	0.011018664	0.264447936	1.057791744	7.08939743
0.619035876	3.808577299	0.011030231	0.264725544	1.058902176	7.089743137
0.619047455	3.808128357	0.01104181	0.26500344	1.06001376	7.088873863
0.619059045	3.82053113	0.0110534	0.2652816	1.0611264	7.089765072
0.619070601	3.837074041	0.011064956	0.265558944	1.062235776	7.089438438
0.619082192	3.800554991	0.011076547	0.265837128	1.063348512	7.089223385
0.619093747	3.823766232	0.011088102	0.266114448	1.064457792	7.089251995
0.619105338	3.79078126	0.011099693	0.266392632	1.065570528	7.088652134
0.619116905	3.872676849	0.01111126	0.26667024	1.06668096	7.08955574
0.619128473	3.848490715	0.011122828	0.266947872	1.067791488	7.089409351
0.619140051	3.826043367	0.011134406	0.267225744	1.068902976	7.090112686
0.61915163	3.810059309	0.011145985	0.26750364	1.07001456	7.089951515
0.619163175	3.846362829	0.01115753	0.26778072	1.07112288	7.089528561
0.619174788	3.811095476	0.011169143	0.268059432	1.072237728	7.0896101
0.619186356	3.76954484	0.011180711	0.268337064	1.073348256	7.089355946
0.619197923	3.778666258	0.011192278	0.268614672	1.074458688	7.08987236
0.619209525	3.801026344	0.01120388	0.26889312	1.07557248	7.089160919
0.619221081	3.825702906	0.011215436	0.269170464	1.076681856	7.088627815
0.619232648	3.824213266	0.011227003	0.269448072	1.077792288	7.089341164
0.61924425	3.737758398	0.011238605	0.26972652	1.07890608	7.089280605
0.619255794	3.778018475	0.011250149	0.270003576	1.080014304	7.089689255
0.619267373	3.862229824	0.011261728	0.270281472	1.081125888	7.088674545
0.61927894	3.811726093	0.011273295	0.27055908	1.08223632	7.089104176
0.619290519	3.782800198	0.011284874	0.270836976	1.083347904	7.08868885
0.619302109	3.770602226	0.011296464	0.271115136	1.084460544	7.088819504
0.619313676	3.754364967	0.011308031	0.271392744	1.085570976	7.089441776
0.619325255	3.798142195	0.01131961	0.27167064	1.08668256	7.088775635
0.619336822	3.775763989	0.011331177	0.271948248	1.087792992	7.089424133
0.619348401	3.753340483	0.011342756	0.272226144	1.088904576	7.089467526
0.619359991	3.754508734	0.011354346	0.272504304	1.090017216	7.089287281
0.619371535	3.747657538	0.01136589	0.27278136	1.09112544	7.090005398
0.619383126	3.759352684	0.011377481	0.273059544	1.092238176	7.088972092
0.619394693	3.729997158	0.011389048	0.273337152	1.093348608	7.08942318
0.61940626	3.763945103	0.011400615	0.27361476	1.09445904	7.089438438
0.619417839	3.757421732	0.011412194	0.273892656	1.095570624	7.089804173
0.619429406	3.768734217	0.011423761	0.274170264	1.096681056	7.089385033
0.619440985	3.719768286	0.01143534	0.27444816	1.09779264	7.088839531
0.619452575	3.722181797	0.01144693	0.27472632	1.09890528	7.089478016
0.619464143	3.756451845	0.011458498	0.275003952	1.100015808	7.089370251
0.61947571	3.853613615	0.011470065	0.27528156	1.10112624	7.089661121
0.6194873	3.804218054	0.011481655	0.27555972	1.10223888	7.089408398
0.619498856	3.700958252	0.011493211	0.275837064	1.103348256	7.088864327
0.619510435	3.738358259	0.01150479	0.27611496	1.10445984	7.089567661
0.619522002	3.824449301	0.011516357	0.276392568	1.105570272	7.089646339
0.619533592	3.81331563	0.011527947	0.276670728	1.106682912	7.089520931
0.619545171	3.745151997	0.011539526	0.276948624	1.107794496	7.089334011
0.619556738	3.709612131	0.011551093	0.277226232	1.108904928	7.088914871
0.619568317	3.795089245	0.011562672	0.277504128	1.110016512	7.089459896
0.619579907	3.762383699	0.011574262	0.277782288	1.111129152	7.089738846
0.619591451	3.756254673	0.011585806	0.278059344	1.112237376	7.090112686
0.619603053	3.736309052	0.011597408	0.278337792	1.113351168	7.090037346
0.619614597	3.754428864	0.011608952	0.278614848	1.114459392	7.089355469
0.619626176	3.853271723	0.011620531	0.278892744	1.115570976	7.089542389
0.619637767	3.825536013	0.011632122	0.279170928	1.116683712	7.089767933
0.619649322	3.7129035	0.011643677	0.279448248	1.117792992	7.0897398
0.619660913	3.703874111	0.011655268	0.279726432	1.118905728	7.088919163
0.61967248	3.765408754	0.011666835	0.28000404	1.12001616	7.089074135
0.619684059	3.762123823	0.011678414	0.280281936	1.121127744	7.089582443
0.619695626	3.722465754	0.011689981	0.280559544	1.122238176	7.089696407
0.619707205	3.686250925	0.01170156	0.28083744	1.12334976	7.089560986
0.619718772	3.719750166	0.011713127	0.281115048	1.124460192	7.088968754
0.619730351	3.758903265	0.011724706	0.281392944	1.125571776	7.089341641
0.619741918	3.757778645	0.011736273	0.281670552	1.126682208	7.088792801
0.619753508	3.703050613	0.011747863	0.281948712	1.127794848	7.088953018
0.619765075	3.697515726	0.01175943	0.28222632	1.12890528	7.089334011
0.619776643	3.718995571	0.011770998	0.282503952	1.130015808	7.088946819
0.619788221	3.764276266	0.011782576	0.282781824	1.131127296	7.089076042
0.619799789	3.688260078	0.011794144	0.283059456	1.132237824	7.089589119
0.619811379	3.718406916	0.011805734	0.283337616	1.133350464	7.089692593
0.619822969	3.698265553	0.011817324	0.283615776	1.134463104	7.089107037
0.619834525	3.755291462	0.01182888	0.28389312	1.13557248	7.089151382
0.619846104	3.677954197	0.011840459	0.284171016	1.136684064	7.089427948
0.619857671	3.725942373	0.011852026	0.284448624	1.137794496	7.089592457
0.619869238	3.667661667	0.011863593	0.284726232	1.138904928	7.090134144
0.619880829	3.738688707	0.011875184	0.285004416	1.140017664	7.088551521
0.619892384	3.745453119	0.011886739	0.285281736	1.141126944	7.089165688
0.619903975	3.699053049	0.01189833	0.28555992	1.14223968	7.089337349
0.619915553	3.687198877	0.011909908	0.285837792	1.143351168	7.089567661
0.619927121	3.754018545	0.011921476	0.286115424	1.144461696	7.08983326
0.619938688	3.729319572	0.011933043	0.286393032	1.145572128	7.08919096
0.619950255	3.68761754	0.01194461	0.28667064	1.14668256	7.089321613
0.619980943	3.735801697	0.011975298	0.287407152	1.149628608	7.089302063
0.619984991	3.73760128	0.011979346	0.287504304	1.150017216	7.089263916
0.619996559	3.699220896	0.011990914	0.287781936	1.151127744	7.089224339
0.620008149	3.688312769	0.012002504	0.288060096	1.152240384	7.088700295
0.620019705	3.888092518	0.01201406	0.28833744	1.15334976	7.08920002
0.620031295	3.765729427	0.01202565	0.2886156	1.1544624	7.089255333
0.620042862	3.72669673	0.012037217	0.288893208	1.155572832	7.089883328
0.620054441	3.750236034	0.012048796	0.289171104	1.156684416	7.089911461
0.620066008	3.71098876	0.012060363	0.289448712	1.157794848	7.089601994
0.620077575	3.708330631	0.01207193	0.28972632	1.15890528	7.089180946
0.620089166	3.691913843	0.012083521	0.290004504	1.160018016	7.089539528
0.620100721	3.685771227	0.012095076	0.290281824	1.161127296	7.089595795
0.6201123	3.676992178	0.012106655	0.29055972	1.16223888	7.089082718
0.620123879	3.742493153	0.012118234	0.290837616	1.163350464	7.089121342
0.620135446	3.695034266	0.012129801	0.291115224	1.164460896	7.08921957
0.620147025	3.746832848	0.01214138	0.29139312	1.16557248	7.089147091
0.620158627	3.663416386	0.012152982	0.291671568	1.166686272	7.08972168
0.620170183	3.666383505	0.012164538	0.291948912	1.167795648	7.088536263
0.620181761	3.68269968	0.012176116	0.292226784	1.168907136	7.088486195
0.620193317	3.695019245	0.012187672	0.292504128	1.170016512	7.088576794
0.620204907	3.643809557	0.012199262	0.292782288	1.171129152	7.088856697
0.620216486	3.646126509	0.012210841	0.293060184	1.172240736	7.089582443
0.620228053	3.619132757	0.012222408	0.293337792	1.173351168	7.088709354
0.620239621	3.782327652	0.012233976	0.293615424	1.174461696	7.089291573
0.620251211	3.705927372	0.012245566	0.293893584	1.175574336	7.089437962
0.620262778	3.663740873	0.012257133	0.294171192	1.176684768	7.089514256
0.620274345	3.670268536	0.0122687	0.2944488	1.1777952	7.089556694
0.620285924	3.695379973	0.012280279	0.294726696	1.178906784	7.088913441
0.620297491	3.661473513	0.012291846	0.295004304	1.180017216	7.089425087
0.62030907	3.655219078	0.012303425	0.2952822	1.1811288	7.089624882
0.620320637	3.635027885	0.012314992	0.295559808	1.182239232	7.089764595
0.620332216	3.69750452	0.012326571	0.295837704	1.183350816	7.089017391
0.620343807	3.689232588	0.012338162	0.296115888	1.184463552	7.089134216
0.620355374	3.673615456	0.012349729	0.296393496	1.185573984	7.089400291
0.620366941	3.621755362	0.012361296	0.296671104	1.186684416	7.089434624
0.620378508	3.635777473	0.012372863	0.296948712	1.187794848	7.089765072
0.620390087	3.802031755	0.012384442	0.297226608	1.188906432	7.088942528
0.620401677	3.722997904				
0.620413245	3.659070969				
0.620424812	3.665813208				
0.620436379	3.7270329				
0.620447969	3.701571465				
0.620459548	3.657561541				
0.620471115	3.613506317				
0.620482694	3.688806057				
0.620494261	3.727298021				
0.62050584	3.679191351				
0.620517407	3.684482098				
0.620528975	3.66905117				
0.620540565	3.697912693				
0.620552144	3.654514074				
0.620563699	3.616275787				
0.620575278	3.663249731				
0.620586869	3.642906189				
0.620598436	3.66851759				
0.620610015	3.611092329				
0.620621582	3.675806999				
0.620633161	3.619993925				
0.620644728	3.693599939				
0.620656295	3.620529175				
0.620667874	3.674572229				
0.620679476	3.626251698				
0.62069102	3.793602228				
0.620702599	3.654536486				
0.620714201	3.728313685				
0.620725756	3.646196842				
0.620737335	3.736702681				
0.620748891	3.629821062				
0.620760469	3.673045874				
0.620772037	3.633377075				
0.620783627	3.637001038				
0.620795194	3.716362953				
0.620806761	3.658210278				
0.62081834	3.584445953				
0.620829942	3.594829083				
0.620841486	3.740294457				
0.620853065	3.732917547				
0.620864644	3.558276653				
0.620876211	3.617544651				
0.620887801	3.668599606				
0.620899357	3.623782158				
0.620910947	3.6269629				
0.620922526	3.569585085				
0.620934093	3.682043076				
0.620945661	3.66053915				
0.620957228	3.647595882				
0.620968818	3.635679483				
0.620980385	3.610249519				
0.620991964	3.611351728				
0.621003531	3.662405014				
0.621015122	3.634313822				
0.621026689	3.618690252				
0.621038256	3.618189573				
0.621049835	3.699187994				
0.621061414	3.633252859				
0.621072993	3.561123848				
0.621084548	3.058029175				
0.621096139	3.624316454				
0.621107694	3.618731737				
0.621119296	3.548166275				
0.621130863	3.565926075				
0.621142431	3.619497061				
0.621153998	3.639933109				
0.621165588	3.634120464				
0.621177144	3.607062101				
0.621188734	3.582334995				
0.621200301	3.647835255				
0.621211869	3.672733307				
0.621223459	3.591156006				
0.621235026	3.621160507				
0.621246593	3.643245459				
0.621258184	3.644538879				
0.621269751	3.622591019				
0.621281318	3.587167501				
0.621292897	3.575294495				
0.621304464	3.61515379				
0.621316055	3.669150114				
0.621327622	3.582649946				
0.621339201	3.612957239				
0.621350791	3.58308053				
0.621362335	3.630399466				
0.621373914	3.603573084				
0.621385481	3.595882654				
0.621397071	3.532688141				
0.62140865	3.752057552				
0.621420217	3.626726389				
0.621431785	3.630987406				
0.621443352	3.568645001				
0.621454931	3.642775536				
0.621466509	3.619289875				
0.621478088	3.604998112				
0.621489667	3.592076778				
0.621501234	3.638469219				
0.621512813	3.602357149				
0.62152438	3.617714167				
0.621535959	3.613788843				
0.621547526	3.576308012				
0.621559117	3.589509964				
0.621570684	3.649815083				
0.621582251	3.693516254				
0.621593841	3.577238321				
0.621605409	3.576479197				
0.621616976	3.618853092				
0.621628555	3.701184511				
0.621640122	3.598843813				
0.621651712	3.590567827				
0.621663279	3.62552619				
0.621674847	3.660588026				
0.621686437	3.610467196				
0.621698004	3.62368083				
0.621709571	3.627952099				
0.621721139	3.662486553				
0.621732717	3.622691393				
0.621744308	3.627286196				
0.621755875	3.588243723				
0.621767442	3.65194869				
0.621779009	3.536178589				
0.6217906	3.606395483				
0.62180219	3.584077358				
0.621813734	3.654638767				
0.621825313	3.553849936				
0.621836903	3.71836257				
0.621848471	3.592601061				
0.621860061	3.700918198				
0.621871605	3.594719887				
0.621883195	3.579482794				
0.621894763	3.58953166				
0.62190633	3.668970347				
0.621917909	3.625069141				
0.621929499	3.612722874				
0.621941066	3.599714518				
0.621952633	3.965381146				
0.621964201	3.898640871				
0.621975779	3.899544239				
0.62198737	3.926957846				
0.621998937	3.630552054				
0.622010527	3.459283114				
0.622022083	3.476166248				
0.62203365	3.466322184				
0.622045241	3.495281458				
0.622056796	3.463705063				
0.622068387	3.446628809				
0.622079954	3.430685759				
0.622091521	3.534413576				
0.6221031	3.436057568				
0.622114667	3.492976666				
0.622126257	3.56485486				
0.622137825	3.455840349				
0.622149392	3.471786737				
0.622160982	3.531894207				
0.622172549	3.569378376				
0.622184117	3.566182137				
0.622195695	3.522388935				
0.622207263	3.482452154				
0.622218853	3.584635735				
0.622230443	3.519616842				
0.622241987	3.487749577				
0.622253578	3.55532527				
0.622265168	3.507287741				
0.622276724	3.530884266				
0.622288291	3.529131651				
0.622299858	3.55441618				
0.622311449	3.617208719				
0.622323016	3.635003805				
0.622334583	3.582367659				
0.622346173	3.585683584				
0.622357752	3.617925167				
0.622369319	3.544391632				
0.622380887	3.535439253				
0.622392454	3.642290592				
0.622404044	3.61344409				
0.622415611	3.559595108				
0.622427179	3.560678721				
0.622438769	3.654741287				
0.622450336	3.563965321				
0.622461903	3.584546089				
0.622473482	3.587088585				
0.622485049	3.577922344				
0.62249664	3.595338345				
0.62250823	3.604946375				
0.622519774	3.570983172				
0.622531365	3.650207758				
0.622542932	3.56823206				
0.622554499	3.603105307				
0.622566089	3.60683465				
0.622577657	3.620223045				
0.622589224	3.497196198				
0.622600814	3.62409544				
0.62261237	3.541211844				
0.62262396	3.66091609				
0.622635527	3.546150446				
0.622647095	3.584987164				
0.622658685	3.580685139				
0.622670252	3.635766983				
0.622681819	3.546862841				
0.62269341	3.573034763				
0.622704965	3.596303463				
0.622716556	3.776809454				
0.622728123	3.605628014				
0.62273969	3.579056978				
0.62275128	3.609033585				
0.622762847	3.618756056				
0.622774414	3.530907393				
0.622786005	3.565882444				
0.62279756	3.760393143				
0.62280915	3.63456583				
0.622820718	3.596419573				
0.622832285	3.652932406				
0.622843875	3.724336386				
0.622855442	3.637511492				
0.622867009	3.592660904				
0.622878599	3.623139143				
0.622890155	3.643215895				
0.622901745	3.585155964				
0.622913312	3.564907789				
0.62292488	3.686085701				
0.62293647	3.68594408				
0.622948037	3.653434753				
0.622959604	3.636927843				
0.622971194	3.551331759				
0.622982773	3.738465071				
0.62299434	3.61140132				
0.623005907	3.666710377				
0.623017474	3.573572874				
0.623029065	3.69938302				
0.623040632	3.609883547				
0.623052222	3.617913723				
0.623063766	3.54374361				
0.623075368	3.676212311				
0.623086935	3.640622616				
0.623098502	3.607812643				
0.623110069	3.526153088				
0.623121659	3.635966301				
0.623133215	3.689809561				
0.623144805	3.591044426				
0.623156372	3.513635159				
0.62316794	3.561198711				
0.62317953	3.782234192				
0.623191097	3.684070587				
0.623202664	3.532156229				
0.623214254	3.558480978				
0.623225821	3.703574896				
0.623237389	3.672599793				
0.623248956	3.554945946				
0.623260534	3.592602253				
0.623272125	3.696850061				
0.623283692	3.693702936				
0.623295259	3.696370602				
0.623306849	3.635412455				
0.623318416	3.748499155				
0.623329983	3.628445387				
0.623341551	3.628233433				
0.623353129	3.564131498				
0.62336472	3.625721693				
0.623376287	3.517789364				
0.623387854	3.570928097				
0.623399421	3.559264422				
0.623411011	3.592698813				
0.623422601	3.575809002				
0.623434145	3.378500938				
0.623445747	3.29592967				
0.623457314	3.461413145				
0.623468882	3.417094946				
0.623480449	3.65811944				
0.623492016	3.540868521				
0.623503606	3.612526417				
0.623515173	3.617725134				
0.62352674	3.697776556				
0.623538319	3.594761133				
0.623549886	3.59619832				
0.623561384	3.582796812				
0.623573055	3.549341202				
0.623584622	3.571222067				
0.623596201	3.593262911				
0.623607768	3.648359537				
0.623619335	3.634366751				
0.623630914	3.619795084				
0.623642481	3.625286818				
0.623654071	3.712707758				
0.623665638	3.559340239				
0.623677205	3.594350338				
0.623688796	3.586824417				
0.623700363	3.649843693				
0.62371193	3.534905434				
0.623723509	3.601628542				
0.623735099	3.543690205				
0.623746666	3.673109293				
0.623758245	3.555307865				
0.6237698	3.53023696				
0.623781402	3.6799016				
0.623792969	3.70757246				
0.623804536	3.423858166				
0.623816104	3.314536572				
0.623827671	3.333339691				
0.623839261	3.307693243				
0.623850828	3.355503559				
0.623862395	3.26175642				
0.623873985	3.303701401				
0.623885553	3.244143486				
0.62389712	3.227158546				
0.62390871	3.223226309				
0.623920265	3.224901199				
0.623931844	3.22338438				
0.623943423	3.218442679				
0.623955002	3.214256287				
0.623966569	3.212791681				
0.623978147	3.212373018				
0.623989738	3.216383219				
0.624001305	3.215993166				
0.62401286	3.216139793				
0.624024451	3.215236425				
0.624036041	3.216866732				
0.624047585	3.21085453				
0.624059175	3.263705254				
0.624070742	3.28415823				
0.624082309	3.20566082				
0.624093888	3.394548178				
0.624105455	3.374276161				
0.624117045	3.41770649				
0.624128636	3.417612791				
0.62414018	3.51582098				
0.62415177	3.42773962				
0.624163337	3.351590395				
0.624174904	3.359826565				
0.624186483	3.401179314				
0.62419805	3.390691757				
0.62420964	3.419395447				
0.624221207	3.368768454				
0.624232775	3.473893404				
0.624244365	3.45621562				
0.624255932	3.508746386				
0.624267499	3.417620421				
0.624279089	3.356888056				
0.624290656	3.406764031				
0.624302224	3.390703678				
0.624313791	3.439036846				
0.624325369	3.365579844				
0.62433696	3.385422945				
0.624348515	3.350557327				
0.624360094	3.403565645				
0.624371684	3.353954554				
0.624383251	3.354709148				
0.624394842	3.370763302				
0.624406386	3.418889761				
0.624417964	3.334550381				
0.624429555	3.363824606				
0.624441122	3.296116352				
0.6244527	3.418797016				
0.624464267	3.37041688				
0.624475846	3.376447678				
0.624487425	3.29430294				
0.624498992	3.377962351				
0.624510582	3.384152412				
0.624522149	3.369772911				
0.624533716	3.362529039				
0.624545284	3.318231583				
0.624556851	3.371580124				
0.624568441	3.391153336				
0.624580008	3.377697945				
0.624591575	3.292969227				
0.624603177	3.393621683				
0.624614744	3.343808651				
0.624626311	3.468372822				
0.624637878	3.369222879				
0.624649446	3.486994505				
0.624661036	3.499528885				
0.624672603	3.441681862				
0.62468417	3.407230616				
0.624695749	3.346287251				
0.624707339	3.349236727				
0.624718906	3.415713787				
0.624730485	3.510595083				
0.62474204	3.432878017				
0.624753631	3.366977692				
0.624765198	3.409950972				
0.624776765	3.446815252				
0.624788344	3.536871433				
0.624799934	3.504085064				
0.624811501	3.404764652				
0.624823068	3.633774042				
0.624834635	3.451160908				
0.624846214	3.358489275				
0.624857804	3.383900166				
0.624869371	3.549208403				
0.62488095	3.455350161				
0.624892517	3.369884253				
0.624904084	3.426510572				
0.624915675	3.57286787				
0.624927253	3.429149151				
0.62493882	3.381993294				
0.624950388	3.344337225				
0.624961955	3.515566826				
0.624973533	3.440040112				
0.6249851	3.524466753				
0.624996691	3.477236271				
0.625008269	3.439970255				
0.625019825	3.436801672				
0.625031404	3.395843983				
0.625042982	3.396013975				
0.625054561	3.40541172				
0.625066128	3.391863346				
0.625077695	3.401348829				
0.625089286	3.334587574				
0.625100853	3.293403626				
0.62511242	3.198953867				
0.625123999	3.197030783				
0.625135589	3.195046186				
0.625147156	3.190913677				
0.625158723	3.18342948				
0.62517029	3.177667141				
0.625181869	3.177981615				
0.625193448	3.180826664				
0.625205015	3.181271553				
0.625216605	3.183360815				
0.625228195	3.183700085				
0.625239739	3.179869413				
0.625251318	3.179367065				
0.625262908	3.17885232				
