Day fraction since midnight on 	pH probe (pH)
0.635818578	6.366726875
0.635830145	6.364315033
0.635841747	6.353938103
0.635853291	6.506598473
0.635864881	6.399871826
0.635876448	6.439615727
0.635888015	6.43735075
start part 2	
0.635899616	6.446812153
0.635911183	6.416762829
0.63592275	6.389653206
0.635934317	6.357402802
0.635945884	6.265830994
0.635957474	6.237020016
0.635969041	6.14804697
0.635980608	6.047205448
0.635992187	6.02667284
0.636003777	5.990143299
0.636015344	5.934697151
0.636026911	5.934797287
0.636038478	5.821619034
0.636050068	5.70819521
0.636061635	5.701767445
0.636073202	5.87298727
0.63608478	5.872994423
0.636096347	5.710842609
0.636107937	5.698158741
0.636119504	5.405093193
0.636131071	5.056145191
0.636142661	4.941740036
0.636154228	4.79070425
0.636165795	4.672626495
0.636177374	4.767210484
0.636188941	4.785263062
0.636200531	4.99340725
0.636212098	5.115039825
0.636223665	4.875723362
0.636235255	4.92440033
0.636246822	5.223372936
0.636258389	5.076862812
0.636269991	5.131869316
0.636281535	5.072834492
0.636293125	4.933562279
0.636304692	4.655717373
0.636316259	4.613082886
0.636327849	4.419796467
0.636339416	4.208739281
0.636350983	4.214269161
0.636362561	4.167461872
0.636374128	4.052782536
0.636385718	4.077774525
0.636397285	4.258909226
0.636408852	4.427268505
0.636420442	4.463803291
0.636432009	4.391799927
0.636443576	4.382058621
0.636455166	4.425959587
0.636466733	4.418610573
0.6364783	4.402564526
0.63648989	4.352895737
0.636501446	4.337687016
0.636513036	4.340342522
0.636524603	4.31826973
0.63653617	4.288570881
0.63654776	4.293591499
0.636559327	4.290618897
0.636570894	4.262849808
0.636582484	4.254962444
0.636594039	4.224581718
0.63660563	4.196275711
0.636617196	4.164534569
0.636628787	4.160745621
0.636640354	4.182080746
0.636651921	4.198287964
0.636663488	4.216713429
0.636675078	4.234490871
0.636686633	4.224456787
0.636698223	4.227687836
0.63670979	4.221560478
0.636721357	4.177500725
0.636732947	4.179680347
0.636744514	4.178018093
0.636756081	4.17493391
0.636767671	4.177327156
0.636779227	4.160757065
0.636790817	4.141709805
0.636802384	4.143213749
0.636813951	4.107121944
0.636825541	4.108720779
0.636837108	4.113259316
0.636848675	4.113720894
0.636860242	4.095998764
0.63687182	4.0758214
0.63688341	4.080221653
0.636894977	4.085225582
0.636906544	4.071764469
0.636918134	4.071943283
0.636929701	4.083053589
0.636941268	4.086877346
0.636952835	4.086611271
0.636964437	4.070509434
0.636975992	4.078336239
0.636987559	4.044268608
0.636999149	4.009032726
0.637010728	4.037761211
0.637022295	4.056161404
0.637033862	4.050105095
0.63704544	4.019674778
0.637057007	4.029293537
0.637068598	4.041294575
0.637080165	4.044857979
0.637091732	4.034729004
0.637103298	4.020907879
0.637114889	4.012778759
0.637126456	4.012046814
0.637138023	4.006956577
0.637149601	4.011925697
0.637161191	4.000644207
0.637172758	3.964730263
0.637184325	3.961159706
0.637195892	3.995072842
0.637207482	4.017602921
0.637219049	4.027270794
0.637230616	4.015508652
0.637242195	4.000289917
0.637253785	4.008228779
0.637265352	3.975481033
0.637276919	3.983195782
0.637288486	3.991666794
0.637300076	3.983828783
0.637311643	3.976799727
0.63732321	3.977185249
0.637334788	3.95477438
0.637346378	3.947499991
0.637357945	3.953254461
0.637369512	3.955672503
0.637381079	3.960049629
0.637392669	3.972407341
0.637404236	3.970097303
0.637415803	3.965683937
0.637427382	3.951540232
0.637438949	3.941901207
0.637450539	3.943673849
0.637462106	3.929779291
0.637473696	3.939533711
0.637485263	3.953021526
0.63749683	3.94982338
0.637508397	3.947356224
0.637519976	3.936035395
0.637531542	3.925653696
0.637543133	3.927179098
0.637554723	3.937581778
0.637566267	3.951704502
0.637577857	3.945840836
0.637589447	3.951297045
0.637600991	3.935083628
0.637612569	3.92991662
0.637624136	3.933991671
0.637635726	3.952685595
0.637647293	3.948367119
0.63765886	3.951339006
0.63767045	3.91862464
0.637682017	3.925238371
0.637693584	3.925615072
0.637705163	3.94097352
0.63771673	3.951800585
0.63772832	3.944772244
0.637739898	3.92101121
0.637751454	3.903238535
0.637763044	3.901719809
0.637774611	3.906585217
0.637786201	3.914070368
0.637797756	3.909902573
0.637809323	3.918939829
0.637820913	3.929652691
0.63783248	3.918492794
0.637844047	3.911435366
0.637855637	3.915308476
0.637867204	3.924679995
0.637878771	3.912318707
0.637890362	3.913231611
0.637901928	3.90882349
0.637913495	3.905859947
0.637925086	3.909473181
0.637936641	3.919620276
0.637948231	3.933265686
0.637959798	3.920177221
0.637971388	3.911603689
0.637982955	3.906521082
0.637994522	3.911632776
0.638006089	3.918486357
0.638017679	3.914749861
0.638029235	3.889331579
0.638040825	3.87477994
0.638052392	3.881956101
0.638063959	3.891992807
0.638075549	3.880099535
0.638087116	3.890267849
0.638098683	3.905447483
0.63811025	3.918520689
0.638121828	3.921339274
0.638133418	3.916936636
0.638144985	3.911476135
0.638156575	3.920697928
0.638168142	3.939279318
0.638179709	3.934856653
0.638191276	3.908602715
0.638202843	3.89782548
0.638214422	3.902836561
0.638226012	3.895439863
0.638237579	3.907708645
0.638249146	3.907719135
0.638260736	3.912515879
0.638272303	3.899174213
0.63828387	3.899829149
0.638295437	3.89696312
0.638307015	3.873649597
0.638318606	3.883538485
0.638330173	3.887401819
0.638341739	3.887372732
0.63835333	3.901276827
0.638364897	3.900748968
0.638376464	3.890421152
0.63838803	3.910771132
0.638399632	3.908802509
0.638411199	3.887956142
0.638422766	3.896133661
0.638434333	3.886372805
0.638445923	3.862101317
0.63845749	3.857459545
0.63846908	3.810581684
0.638480647	3.811220408
0.638492203	3.847065449
0.638503793	3.857287645
0.63851536	3.839039087
0.638526927	3.861193657
0.638538494	3.893059492
0.638550084	3.887678385
0.638561651	3.890144348
0.638573218	3.89497757
0.638584796	3.898188353
0.638596386	3.903261423
0.638607953	3.914548159
0.63861952	3.922362566
0.638631087	3.922095776
0.638642677	3.92881155
0.638654244	3.929892778
0.638665811	3.936396122
0.63867739	3.939728022
0.63868898	3.938974857
0.638700547	3.946619272
0.638712114	3.958926201
0.638723681	3.970464468
0.638735271	3.979251385
0.638746838	3.986745119
0.638758405	3.9920187
0.638769983	3.997166157
0.638781573	4.003134728
0.63879314	4.010251045
0.638804707	4.014728546
0.638816274	4.019996643
0.638827864	4.028567791
0.638839431	4.03459549
0.638850998	4.042206287
0.6388626	4.048523426
0.638874144	4.054930687
0.638885734	4.059412003
0.638897301	4.066606045
0.638908868	4.071489811
0.638920458	4.076361179
0.638932025	4.079714298
0.638943592	4.082794666
0.638955193	4.085215092
0.638966737	4.088691235
0.638978327	4.091200352
0.638989894	4.094817638
0.639001461	4.098285675
0.639013051	4.104094505
0.639024618	4.027582645
0.639036208	3.858926058
0.639047764	3.836376429
0.639059331	3.853556395
0.639070921	3.816362143
0.639082488	3.833752871
0.639094055	3.834902525
0.639105645	3.826187849
0.639117212	3.844837427
0.639128779	3.866033077
0.639140357	3.88040781
0.639151924	3.891318798
0.639163514	3.895046473
0.639175081	3.880846262
0.639186648	3.864195347
0.639198238	3.863315105
0.639209805	3.829586029
0.639221372	3.823903322
0.639232962	3.834569693
0.639244529	3.845553398
0.639256096	3.85539937
0.639267686	3.84914875
0.639279242	3.850933313
0.639290832	3.84923768
0.639302399	3.848297596
0.639313966	3.827838182
0.639325556	3.851128817
0.639337123	3.852627516
0.63934869	3.852499962
0.63936028	3.868685007
0.639371835	3.875023127
0.639383425	3.872681618
0.639394992	3.859997988
0.639406559	3.850702524
0.639418149	3.846387386
0.639429716	3.847300768
0.639441283	3.856901407
0.639452873	3.870646954
0.639464428	3.874651909
0.639476019	3.866546631
0.639487586	3.862370729
0.639499152	3.869246006
0.639510743	3.872022629
0.63952231	3.876149178
0.639533876	3.879810095
0.639545443	3.872817278
0.639557022	3.86145401
0.639568612	3.855764389
0.639580179	3.859688282
0.639591746	3.855629683
0.639603336	3.843403816
0.639614903	3.840553284
0.63962647	3.844683647
0.639638037	3.857319355
0.639649639	3.85729456
0.639661206	3.852540255
0.639672772	3.845056772
0.639684339	3.843917608
0.63969593	3.821941137
0.639707496	3.801580429
0.639719063	3.817921639
0.63973063	3.826560497
0.639742209	3.839868784
0.639753799	3.827303886
0.639765366	3.830722332
0.639776933	3.843131781
0.639788523	3.85281992
0.63980009	3.848519564
0.639811657	3.833530903
0.639823224	3.839713574
0.639834802	3.838602305
0.639846392	3.830755711
0.639857959	3.827418566
0.639869526	3.822628975
0.639881093	3.824798584
0.639892683	3.826037645
0.63990425	3.832227469
0.639915818	3.828860283
0.639927396	3.808287859
0.639938987	3.801894665
0.639950554	3.816368818
0.639962144	3.812966108
0.639973689	3.826804638
0.639985279	3.824276209
0.639996846	3.830030203
0.640008437	3.818989992
0.640019992	3.830069304
0.640031583	3.834434032
0.64004315	3.840233564
0.640054717	3.854243517
0.640066284	3.852974892
0.640077875	3.849039555
0.640089442	3.852552652
0.640101032	3.856324673
0.640112588	3.86444521
0.640124179	3.874637842
0.640135746	3.871090889
0.640147313	3.874078274
0.64015888	3.877223969
0.640170471	3.878672123
0.640182038	3.884665966
0.640193605	3.878035307
0.640205184	3.905889034
0.640216751	3.887149334
0.640228342	3.833153725
0.640239909	3.82942605
0.640251476	3.827582359
0.640263067	3.83475852
0.640274634	3.838216782
0.640286201	3.850813389
0.640297803	3.844672442
0.640309347	3.839020491
0.640320938	4.016170025
0.640332505	4.046720505
0.640344072	3.270477057
0.640355663	3.473882675
0.64036723	3.542953491
0.640378797	3.575454712
0.640390376	3.627695799
0.640401943	3.681491852
0.640413533	3.69815135
0.640425101	3.697297335
0.640436668	3.732832909
0.640448258	3.883438349
0.640459837	3.860215664
0.640471404	3.809644938
0.640482972	3.798617125
0.640494539	3.678568602
0.640506129	3.724555254
0.640517697	3.816063404
0.640529264	3.790127277
0.640540854	3.754921675
0.640552422	3.808046818
0.640563989	3.988091946
0.640575568	4.936770916
0.640587158	3.962802887
0.640598725	4.231851578
0.640610293	4.429056644
0.64062186	4.484815121
0.64063345	4.637433529
0.640645017	4.649429798
0.640656585	5.77315712
0.640668175	7.089911938
0.640679742	7.090295792
0.640691333	7.090263367
0.6407029	7.090367317
0.640714456	7.089774609
0.640726046	7.089986801
0.640737613	7.090184212
0.640749181	7.089983463
0.640760771	7.090191364
0.640772338	7.089578152
0.640783905	7.090126991
0.640795496	7.090302944
0.640807052	7.090564728
0.640818642	7.09043932
0.640830209	7.090471268
0.640841776	7.090065956
0.640853367	7.090166569
0.640864934	7.089882851
0.640876501	7.090080738
0.640888092	7.089915276
0.640899647	7.090004921
0.640911238	7.089943886
0.640922805	7.089900971
0.640934395	7.090041161
0.640945963	7.08944273
0.64095753	7.089545727
0.640969097	7.089564323
0.640980664	7.089775085
0.640992243	7.089706898
0.641003834	7.089893818
0.641015401	7.090040684
0.641026968	7.090130806
0.641038559	7.090241909
0.641050126	7.089621544
0.641061693	7.090033531
0.64107326	7.09034586
0.641084839	7.090123177
0.641096418	7.090188026
0.641107985	7.089882851
0.641119576	7.089901447
0.641131154	7.089993477
0.641142722	7.090493202
0.641154289	7.089757919
0.641165856	7.089944363
0.641177435	7.089835167
0.641189025	7.090141296
0.641200593	7.089886665
0.64121216	7.090213299
0.64122375	7.090058804
0.641235318	7.090493202
0.641246885	7.090095043
0.641258452	7.090643883
0.641270031	7.090446472
0.641281621	7.089753628
0.641293189	7.089643002
0.641304756	7.090188026
0.641316323	7.089872837
0.641327914	7.089484692
0.641339504	7.089775562
0.641351048	7.089635372
0.641362627	7.089907646
0.641374217	7.089567661
0.641385785	7.088906765
0.641397352	7.08941412
0.641408919	7.089126587
0.641420509	7.089044094
0.641432077	7.089528084
0.641443644	7.088864327
0.641455246	7.089429855
0.641466813	7.089595795
0.64147838	7.089452744
0.641489971	7.08973217
0.641501515	7.089212418
0.641513105	7.089847565
0.641524673	7.089502811
0.64153624	7.090102196
0.641547819	7.089498043
0.641559409	7.089358807
0.641570976	7.089391232
0.641582544	7.089764595
0.641594111	7.089840412
0.641605701	7.089237213
0.641617292	7.089600086
0.641628859	7.089560032
0.641640415	7.089502335
0.641651982	7.089567661
0.641663572	7.088620663
0.641675139	7.089492321
0.641686707	7.089571476
0.641698297	7.090252399
0.641709887	7.090177059
0.641721432	7.089793682
0.64173301	7.08955574
0.641744578	7.089660645
0.641756168	7.089854717
0.641767747	7.089706421
0.641779303	7.08935833
0.641790893	7.089911461
0.641802472	7.089828491
0.641814039	7.089553356
0.641825606	7.088907719
0.641837174	7.088815212
0.641848764	7.089169025
0.641860331	7.088929176
0.641871898	7.08943224
0.641883489	7.089186192
0.641895056	7.089499474
0.641906623	7.089682579
0.641918202	7.089782238
0.641929769	7.089753628
0.64194136	7.088828564
0.641952927	7.089643002
0.641964494	7.089682579
0.641976085	7.089983463
0.641987652	7.089646339
0.641999219	7.088982105
0.64201081	7.089614391
0.642022377	7.089384079
0.642033967	7.089775562
0.642045535	7.089481831
0.64205709	7.088904858
0.642068681	7.089563847
0.642080248	7.089470387
0.642091815	7.089811325
0.642103406	7.089046955
0.642114973	7.089140892
0.64212654	7.089908123
0.64213813	7.089998245
0.642149686	7.090349197
0.642161277	7.090202332
0.642172844	7.089528084
0.642184411	7.089711189
0.642196001	7.089377403
0.642207569	7.089846611
0.642219136	7.088534355
0.642230726	7.089369774
0.642242305	7.089638233
0.642253872	7.089600086
0.64226544	7.089735508
0.642277007	7.088781357
0.642288597	7.089165688
0.642300165	7.08898592
0.642311732	7.089507103
0.642323299	7.089480877
0.642334878	7.089293957
0.642346468	7.08935976
0.642358036	7.08976078
0.642369603	7.089668274
0.642381193	7.088838577
0.64239276	7.089166641
0.642404328	7.089412689
0.642415895	7.089883328
0.642427474	7.090022564
0.642439064	7.08911562
0.642450631	7.089448452
0.642462199	7.089851379
0.642473789	7.089717388
0.642485356	7.089886665
0.642496924	7.089118958
0.642508491	7.089836597
0.64252007	7.089788914
0.64253166	7.089682579
0.642543227	7.089524269
0.642554795	7.088552475
0.642566385	7.089549065
0.642577952	7.089570999
0.642589519	7.090055466
0.642601087	7.090156078
0.642612666	7.089774609
0.642624256	7.089477539
0.642635823	7.089374065
0.64264739	7.08981514
0.642658958	7.089148045
0.642670548	7.089186668
0.642682115	7.089664459
0.642693706	7.089617252
0.642705261	7.089875698
0.642716852	7.088814259
0.642728419	7.089226246
0.642739986	7.089094639
0.642751554	7.088924885
0.642763144	7.0899086
0.642774711	7.089212418
0.642786278	7.089424133
0.642797857	7.089688301
0.642809448	7.089890003
0.642821015	7.090008736
0.642832582	7.08889246
0.642844149	7.089507103
0.64285574	7.089602947
0.642867307	7.08981514
0.642878874	7.089108467
0.642890453	7.089301109
0.642902044	7.090019703
0.642913611	7.089743137
0.642925201	7.089585304
0.642936768	7.089425564
0.642948336	7.088968754
0.642959903	7.089484692
0.64297147	7.089398861
0.642983049	7.089839459
0.642994616	7.08924818
0.643006207	7.089387894
0.643017774	7.089139938
0.643029341	7.089972973
0.643040932	7.090169907
0.643052499	7.090188026
0.643064066	7.089402199
0.643075645	7.089767456
0.643087212	7.090120316
0.643098803	7.08976841
0.64311037	7.08923769
0.643121937	7.089424133
0.643133528	7.089356422
0.643145095	7.089542866
0.643156662	7.089254856
0.643168264	7.088846684
0.643179808	7.089148045
0.643191398	7.088393688
0.643202966	7.089517593
0.643214533	7.089272976
0.643226123	7.088964939
0.643237691	7.089643002
0.643249258	7.089610577
0.643260837	7.089441299
0.643272404	7.08917284
0.643283994	7.089485169
0.643295562	7.089517117
0.643307129	7.089517593
0.643318719	7.08955574
0.643330287	7.088968754
0.643341854	7.089502811
0.643353433	7.089559555
0.643365	7.089485169
0.64337659	7.089969158
0.643388157	7.089004993
0.643399725	7.089553356
0.643411315	7.089374065
0.643422882	7.089943886
0.643434449	7.089309216
0.643446039	7.088997364
0.643457607	7.089478016
0.643469174	7.089664459
0.643480764	7.090453625
0.64349232	7.090241432
0.64350391	7.089556217
0.643515477	7.089363098
0.643527044	7.089600086
0.643538635	7.090202332
0.643550202	7.088971615
0.643561792	7.089502811
0.643573359	7.089358807
0.643584915	7.089540958
0.643596505	7.089678764
0.643608072	7.088720322
0.643619639	7.089263439
0.64363123	7.088935375
0.643642797	7.088989258
0.643654364	7.089822292
0.643665954	7.089216709
0.64367751	7.089411736
0.6436891	7.089653492
0.643700667	7.090051651
0.643712234	7.089922905
0.643723825	7.089172363
0.643735392	7.089541912
0.643746959	7.089514256
0.643758526	7.090062618
0.643770105	7.089146614
0.643781695	7.089370251
0.643793262	7.089362621
0.643804829	7.089578629
0.64381642	7.089958191
0.643827987	7.089363098
0.643839577	7.089287281
0.643851121	7.089204788
0.6438627	7.089642525
0.64387429	7.089940548
0.643885857	7.089007855
0.643897424	7.089384556
0.643909015	7.089419842
0.643920582	7.089457035
0.643932172	7.090177536
0.643943716	7.08993721
0.643955295	7.089336395
0.643966885	7.089441776
0.643978452	7.089714527
0.643990043	7.089671135
0.64400161	7.088846684
0.644013177	7.089606285
0.644024744	7.089392185
0.644036311	7.08969307
0.64404789	7.089429855
0.64405948	7.089251995
0.644071047	7.089419842
0.644082615	7.08845377
0.644094182	7.089602947
0.644105772	7.088868141
0.644117339	7.089330673
0.644128929	7.089122772
0.644140485	7.08956337
0.644152075	7.089893818
0.644163642	7.089158535
0.64417521	7.089208126
0.644186777	7.089166641
0.644198367	7.089929581
0.644209934	7.089832783
0.644221513	7.089182377
0.64423308	7.089380741
0.64424467	7.089398861
0.644256237	7.089574337
0.644267805	7.089757919
0.644279395	7.08899641
0.644290962	7.089384556
0.644302529	7.089502335
0.644314096	7.089718819
0.644325675	7.089724541
0.644337265	7.088717461
0.644348833	7.089391708
0.6443604	7.08989048
0.644371967	7.090069771
0.644383557	7.090137959
0.644395124	7.089510441
0.644406691	7.089667797
0.644418293	7.089437008
0.644429837	7.089682579
0.644441428	7.089125633
0.644452995	7.089388371
0.644464562	7.089411259
0.644476152	7.089584827
0.644487719	7.089657307
0.64449931	7.088627815
0.644510865	7.089214325
0.644522432	7.089275837
0.644534023	7.088906765
0.64454559	7.089818955
0.644557157	7.088785648
0.644568736	7.089477539
0.644580326	7.089667797
0.644591893	7.08968544
0.64460346	7.08931303
0.644615027	7.089159012
0.644626618	7.089484692
0.644638185	7.089653492
0.644649752	7.089980125
0.644661342	7.089118481
0.644672909	7.089094639
0.644684477	7.089452744
0.644696055	7.089612961
0.644707622	7.089743614
0.644719213	7.088824272
0.64473078	7.089231014
0.64474237	7.089667797
0.644753937	7.089502811
0.644765504	7.090205669
0.644777072	7.088994503
0.644788662	7.089541912
0.644800229	7.089563847
0.644811796	7.090054989
0.644823386	7.090180874
0.644834965	7.089670658
0.644846532	7.089380264
0.6448581	7.089352131
0.644869667	7.08987236
0.644881257	7.089327335
0.644892824	7.089122295
0.644904391	7.089251995
0.644915982	7.089437962
0.644927537	7.089728355
0.644939127	7.089104652
0.644950695	7.089380741
0.644962262	7.089338303
0.644973852	7.089200974
0.644985419	7.089607239
0.644996986	7.088545322
0.645008577	7.089305878
0.645020132	7.089186192
0.645031722	7.089545727
0.64504329	7.089743137
0.64505488	7.088886261
0.645066447	7.089355946
0.645078014	7.089492321
0.645089581	7.089736462
0.645101149	7.089743137
0.645112727	7.088865757
0.645124318	7.089358807
0.645135885	7.089342117
0.645147452	7.089865208
0.645159042	7.089183331
0.645170609	7.088961124
0.645182176	7.08948803
0.645193744	7.089517593
0.645205322	7.089803696
0.645216913	7.088943481
0.64522848	7.089244843
0.645240047	7.089078903
0.645251637	7.089882851
0.645263204	7.090141296
0.645274771	7.090116501
0.645286339	7.089524269
0.645297917	7.089142323
0.645309508	7.089836121
0.645321075	7.089549065
0.645332642	7.088559628
0.645344232	7.089517593
0.645355799	7.089725018
0.645367367	7.089728832
0.645378934	7.08969307
0.645390512	7.089064121
0.645402103	7.088925362
0.64541367	7.088752747
0.645425237	7.089374542
0.645436804	7.089369774
0.645448394	7.089187145
0.645459962	7.089391708
0.645471529	7.089492321
0.645483107	7.089695454
0.645494698	7.089143753
0.645506265	7.089531899
0.645517832	7.089323044
0.645529399	7.089646339
0.645540989	7.089412689
0.645552557	7.089062214
0.645564124	7.089459419
0.645575702	7.089258194
0.645587293	7.089284897
0.64559886	7.089603424
0.645610427	7.088924885
0.645621994	7.089334965
0.645633585	7.089523792
0.645645152	7.089772224
0.645656719	7.089772224
0.645668321	7.088873386
0.645679888	7.089463234
0.645691455	7.089704037
0.645703022	7.08979702
0.645714589	7.090141773
0.64572618	7.089452267
0.645737747	7.089442253
0.645749314	7.08937788
0.645760893	7.089735031
0.64577246	7.089434624
0.64578405	7.089337349
0.645795617	7.089420795
0.645807184	7.089352131
0.645818775	7.089621544
0.645830342	7.088785648
0.645841909	7.088766098
0.645853488	7.089035511
0.645865055	7.088935375
0.645876645	7.089406014
0.645888212	7.088846684
0.645899779	7.089355469
0.64591137	7.089438438
0.645922937	7.089668274
0.645934504	7.089585304
0.645946083	7.088730335
0.64595765	7.089356422
0.64596924	7.089595795
0.645980807	7.089313507
0.645992374	7.089337349
0.646003965	7.088943481
0.646015532	7.089437962
0.646027099	7.089667797
0.646038678	7.089778423
0.646050245	7.08899641
0.646061835	7.089700222
0.646073402	7.089460373
0.646084993	7.089682102
0.64609656	7.089420319
0.64610815	7.08852005
0.646119694	7.089582443
0.646131273	7.089609623
0.64614284	7.089800358
0.64615443	7.089972973
0.646165997	7.089882851
0.646177565	7.089169979
0.646189155	7.089445114
0.646200722	7.08969307
0.646212289	7.089413166
0.646223879	7.088889599
0.646235447	7.089233398
0.646247014	7.089585304
0.646258604	7.089585304
0.64627016	7.089204788
0.64628175	7.089000225
0.646293317	7.089276314
0.646304884	7.088717461
0.646316474	7.089624882
0.646328042	7.089089394
0.646339609	7.089258671
0.646351199	7.08929491
0.646362778	7.089469433
0.646374345	7.089943886
0.646385912	7.08902216
0.646397479	7.0896101
0.64640907	7.089348793
0.646420637	7.089767933
0.646432204	7.089639187
0.646443794	7.089111328
0.64645535	7.089530468
0.64646694	7.089474201
0.646478507	7.089900971
0.646490097	7.089560509
0.646501665	7.088964939
0.646513232	7.089467049
0.646524799	7.089320183
0.646536366	7.089560986
0.646547945	7.089479923
0.646559535	7.089054108
0.646571102	7.08935976
0.646582692	7.089653492
0.64659426	7.090008736
0.646605827	7.090051651
0.646617394	7.089557171
0.646628961	7.089517593
0.64664054	7.089534283
0.64665213	7.089553356
0.646663697	7.089075565
0.646675264	7.08948803
0.646686855	7.089592457
0.646698422	7.089552879
0.646709989	7.089391708
0.646721556	7.088657379
0.646733135	7.08881712
0.646744725	7.088633537
0.646756292	7.088939667
0.646767859	7.088875771
0.64677945	7.089071751
0.646791017	7.089416981
0.646802584	7.089438438
0.646814151	7.09001255
0.64682573	7.089311123
0.64683732	7.088974953
0.646848887	7.089344978
0.646860454	7.089549065
0.646872021	7.089735985
0.646883612	7.088673592
0.646895179	7.088782787
0.646906746	7.089241028
0.646918325	7.08939743
0.646929915	7.089743137
0.646941482	7.088873863
0.646953049	7.089765072
0.646964616	7.089438438
0.646976206	7.089223385
0.646987773	7.089251995
0.64699934	7.088652134
0.647010942	7.08955574
0.647022509	7.089409351
0.647034076	7.090112686
0.647045643	7.089951515
0.64705721	7.089528561
0.647068801	7.0896101
0.647080368	7.089355946
0.647091935	7.08987236
0.647103513	7.089160919
0.647115104	7.088627815
0.647126671	7.089341164
0.647138238	7.089280605
0.647149805	7.089689255
0.647161395	7.088674545
0.647172962	7.089104176
0.647184529	7.08868885
0.647196108	7.088819504
0.647207675	7.089441776
0.647219265	7.088775635
0.647230832	7.089424133
0.647242399	7.089467526
0.64725399	7.089287281
0.647265557	7.090005398
0.647277124	7.088972092
0.647288702	7.08942318
0.647300293	7.089438438
0.64731186	7.089804173
0.647323427	7.089385033
0.647334994	7.088839531
0.647346584	7.089478016
0.647358151	7.089370251
0.647369718	7.089661121
0.647381297	7.089408398
0.647392864	7.088864327
0.647404454	7.089567661
0.647416021	7.089646339
0.647427588	7.089520931
0.647439179	7.089334011
0.647450769	7.088914871
0.647462313	7.089459896
0.647473914	7.089738846
0.647485458	7.090112686
0.647497049	7.090037346
0.647508639	7.089355469
0.647520183	7.089542389
0.647531773	7.089767933
0.64754334	7.0897398
0.647554907	7.088919163
0.647566486	7.089074135
0.647578053	7.089582443
0.647589643	7.089696407
0.64760121	7.089560986
0.647612777	7.088968754
0.647624368	7.089341641
0.647635935	7.088792801
0.647647502	7.088953018
0.647659092	7.089334011
0.647670659	7.088946819
0.647682226	7.089076042
0.647693816	7.089589119
0.647705372	7.089692593
0.647716962	7.089107037
0.647728529	7.089151382
0.647740096	7.089427948
0.647751686	7.089592457
0.647763253	7.090134144
0.647774821	7.088551521
0.647786411	7.089165688
0.647797978	7.089337349
0.647809545	7.089567661
0.647821112	7.08983326
0.647832702	7.08919096
0.647844281	7.089321613
0.647855848	7.089302063
0.647867415	7.089263916
0.647878994	7.089224339
0.647890561	7.088700295
0.647902139	7.08920002
0.647913706	7.089255333
0.647925297	7.089883328
0.647936864	7.089911461
0.647948327	7.089601994
0.647960009	7.089180946
0.647971577	7.089539528
0.647983155	7.089595795
0.647994745	7.089082718
0.648006312	7.089121342
0.64801788	7.08921957
0.648029458	7.089147091
0.648041025	7.08972168
0.648052604	7.088536263
0.648064183	7.088486195
0.64807575	7.088576794
0.64808734	7.088856697
0.648098907	7.089582443
0.648110474	7.088709354
0.648122064	7.089291573
0.648133631	7.089437962
0.648145198	7.089514256
0.648156765	7.089556694
0.648168344	7.088913441
0.648179934	7.089425087
0.64819149	7.089624882
0.64820308	7.089764595
0.648214636	7.089017391
0.648226226	7.089134216
0.648237804	7.089400291
0.648249372	7.089434624
0.648260939	7.089765072
0.648272529	7.088942528
