Day fraction since midnight on 	Photometer (mg/L)	Photometer (volts)	Source pressure (Pa)
0.658093613	0.158660278	3.553493738	104142.75
0.658105185	0.158799768	3.553419113	104142.75
0.658116699	0.158763215	3.553438664	104142.75
0.658128273	0.158653587	3.553497315	104142.75
0.658139845	0.158713311	3.553465366	104142.75
0.658151431	0.158757433	3.553441763	104142.75
0.658162999	0.158745393	3.5534482	104142.75
0.658174653	0.159080997	3.553268671	104142.75
0.658186209	0.15880689	3.553415299	104142.75
0.658197781	0.158691019	3.553477287	104142.75
0.65820936	0.158624619	3.553512812	104142.75
0.658220935	0.158592969	3.553529739	104142.75
0.65823245	0.158663392	3.553492069	104142.75
0.65824403	0.158762783	3.553438902	104142.75
0.658255585	0.158674985	3.55348587	104142.75
0.658267163	0.158767685	3.553436279	104142.75
0.658278735	0.158789963	3.553424358	104142.75
0.658290374	0.158829182	3.553403378	104142.75
0.658301953	0.158828288	3.553403854	104142.75
start			
0.658313523	0.158635318	3.55350709	104142.75
0.658325101	0.158760548	3.553440094	104142.75
0.658336674	0.158736929	3.55345273	104142.75
0.658348266	0.158783272	3.553427935	104142.75
0.658359723	0.158753857	3.55344367	104142.75
0.658371404	0.158647791	3.553500414	104142.75
0.658382987	0.158678994	3.553483725	104142.75
0.658394456	0.158610806	3.553520203	104142.75
0.658406065	0.158851907	3.553391218	104142.75
0.658417628	0.159531593	3.55302763	104142.75
0.658429219	0.160495728	3.552511931	104142.75
0.658440783	0.163148388	3.55109334	104142.75
0.658452364	0.16874291	3.548102856	104142.75
0.658463922	0.172724471	3.545975685	104142.75
0.658475493	0.177804127	3.543263197	104142.75
0.658487071	0.182671249	3.540665627	104142.75
0.658498642	0.19011882	3.536693573	104142.75
0.658510224	0.198536187	3.532208204	104142.75
0.658521812	0.195316955	3.533923149	104142.75
0.658533372	0.196881458	3.533089638	104142.75
0.658544951	0.203534469	3.529546738	104142.75
0.658556544	0.215989947	3.522920847	104142.75
0.65856811	0.226739004	3.517210007	104142.75
0.658579674	0.237072378	3.511726379	104142.75
0.658591248	0.246014401	3.506986141	104142.75
0.658602837	0.250444591	3.504639387	104142.75
0.658614397	0.297990501	3.479525328	104142.75
0.658625987	0.348649502	3.452911139	104142.75
0.658637595	0.410104811	3.420823574	104142.75
0.658649177	0.462725788	3.393520594	104142.75
0.658660742	0.603024125	3.321493387	104142.75
0.658672313	0.891887546	3.176651478	104142.75
0.658683903	1.082580805	3.083526611	104142.75
0.658695519	1.276251197	2.990927219	104142.75
0.658706975	1.306067467	2.976845741	104142.75
0.658718533	1.212936401	3.020982981	104142.75
0.658730123	1.634133577	2.82492137	104142.75
0.658741679	2.109587431	2.614253998	104142.75
0.658753245	2.13608551	2.602834225	104142.75
0.658764825	2.451792002	2.469306946	104142.75
0.658776404	2.447632551	2.471036196	104142.75
0.658787978	2.330615759	2.520010233	104142.75
0.65879954	2.606402397	2.405587912	104142.75
0.658811212	2.864314079	2.301679373	104142.75
0.658822783	3.046230555	2.230141878	104142.75
0.658834364	3.414279699	2.089716196	104142.75
0.658845933	3.489266872	2.061796427	104142.75
0.658857497	3.278045416	2.141033173	104142.75
0.658869009	3.307785034	2.129765034	104142.75
0.658880585	4.027943611	1.867864728	104142.75
0.658892165	4.212003231	1.804192424	104142.75
0.658903734	3.920614243	1.905593276	104142.75
0.658915319	4.36202383	1.753241181	104142.75
0.658926877	4.683386803	1.646887302	104142.75
0.658938448	4.856075764	1.591271401	104142.75
0.65895002	4.946631432	1.562527061	104142.75
0.658961596	5.042834759	1.532302141	104142.75
0.658973165	5.185319424	1.488120556	104142.75
0.658984799	5.48455286	1.397559524	104142.75
0.658996382	5.440963745	1.410566568	104142.75
0.659007964	6.002529621	1.247677207	104142.75
0.659019521	5.822705269	1.298745871	104142.75
0.659031113	5.706623554	1.332253218	104142.75
0.659042692	6.087780953	1.223817349	104142.75
0.659054329	6.707800388	1.056862354	104142.75
0.65906583	6.913173199	1.004025698	104142.75
0.659077354	6.607097149	1.083210111	104142.75
0.659088935	7.003321171	0.981207609	104142.75
0.659100491	7.50720501	0.857752025	104142.75
0.659112072	7.47633028	0.865121365	104142.75
0.659123638	7.073271751	0.963657141	104142.75
0.659135224	7.264463902	0.916371286	104142.75
0.659146803	7.702617645	0.811686873	104142.75
0.659158384	7.688107967	0.815073311	104142.75
0.659169965	7.77395916	0.795114696	104142.75
0.65918154	7.849694252	0.777663648	104142.75
0.659193102	7.988884449	0.745968163	104142.75
0.659204673	8.163980484	0.706779718	104142.75
0.659216229	8.288873673	0.679285109	104142.75
0.659227788	8.541223526	0.624871671	104142.75
0.659239374	9.030367851	0.523607135	104142.75
0.65925105	9.558149338	0.420288175	104142.75
0.65926253	9.572181702	0.417622179	104142.75
0.659274181	9.537824631	0.424156755	104142.75
0.659285753	9.722660065	0.389291078	104142.75
0.659297322	10.06119156	0.327243924	104142.75
0.659308901	9.785131455	0.377666503	104142.75
0.659320482	9.835146904	0.368417203	104142.75
0.659332017	10.16427135	0.308805704	104142.75
0.659343595	10.10097504	0.32010293	104142.75
0.65935517	10.65364456	0.224067971	104142.75
0.659366724	10.64203167	0.226026326	104142.75
0.65937831	10.78682995	0.201785207	104142.75
0.65938991	11.10147858	0.150422245	104142.75
0.659401469	11.23908901	0.128511772	104142.75
0.659413057	11.29666519	0.119442537	104142.75
0.659424625	11.33843803	0.112898327	104142.75
0.659436204	12.0235281	0.009756491	104142.75
0.659447743	11.9546051	0.019784682	104142.75
0.659459315	11.78497505	0.044792078	104142.75
0.659470882	11.70150471	0.05727005	104142.75
0.659482473	11.98308659	0.015631411	104142.75
0.659494041	12.32858467	-0.033726763	104142.75
0.659505664	12.28135014	-0.027089022	104142.75
0.659517243	12.45035744	-0.050680906	104142.75
0.659528809	12.71532059	-0.086795084	104142.75
0.65954038	12.60618114	-0.072046958	104142.75
0.659551957	12.97186279	-0.12077228	104142.75
0.659563464	13.20965385	-0.151420787	104142.75
0.659575024	13.3683176	-0.171428993	104142.75
0.659586606	13.48430729	-0.185836345	104142.75
0.659598191	13.49382114	-0.187009931	104142.75
0.65960975	13.53622055	-0.192225337	104142.75
0.65962131	13.63709068	-0.204535365	104142.75
0.659632992	13.93617821	-0.24024269	104142.75
0.659644575	14.01919079	-0.249946818	104142.75
0.659656139	14.34125328	-0.286767274	104142.75
0.659667601	14.3959465	-0.292891592	104142.75
0.659679177	14.27618313	-0.279432833	104142.75
0.659690852	14.18538666	-0.269110411	104142.75
0.659702426	14.28640366	-0.280588269	104142.75
0.659714005	14.60097694	-0.315524548	104142.75
0.659725571	14.5490427	-0.309839785	104142.75
0.659737101	14.72347355	-0.328805149	104142.75
0.659748688	14.9803791	-0.356082797	104142.75
0.659760244	15.10226727	-0.368757367	104142.75
0.659771822	15.16666698	-0.375385672	104142.75
0.659783405	15.24069214	-0.382946849	104142.75
0.659794934	15.0939579	-0.367898732	104142.75
0.659806507	15.23883724	-0.382758081	104142.75
0.659818085	15.57526398	-0.416362941	104142.75
0.659829782	15.75682735	-0.433988541	104142.75
0.659841335	15.94879627	-0.452245146	104142.75
0.659852829	15.97365379	-0.454580993	104142.75
0.659864407	16.16511345	-0.472360373	104142.75
0.659875996	16.32658958	-0.487066746	104142.75
0.65988754	16.24723625	-0.479872257	104142.75
0.659899124	16.23298073	-0.478573233	104142.75
0.659910691	16.23232269	-0.478513122	104142.75
0.659922286	16.21016121	-0.476489365	104142.75
0.659933857	16.33107758	-0.487471849	104142.75
0.659945416	16.32676125	-0.487082273	104142.75
0.659956988	16.47325516	-0.500199676	104142.75
0.659968581	16.52856827	-0.505097866	104142.75
0.65998016	16.60054588	-0.511427164	104142.75
0.659991717	16.69138908	-0.51934427	104142.75
0.660003306	16.64438629	-0.515257716	104142.75
0.660014883	16.78941154	-0.527798593	104142.75
0.660026453	16.9620266	-0.542466641	104142.75
0.660038012	16.99525261	-0.545258343	104142.75
0.660049599	17.03966141	-0.548973441	104142.75
0.660061167	16.97302628	-0.543392003	104142.75
0.660072732	17.08222771	-0.552517533	104142.75
0.660084303	17.15352821	-0.558416843	104142.75
0.660095889	17.33039474	-0.572852492	104142.75
0.660107452	17.3334465	-0.573099077	104142.75
0.660119029	17.30146217	-0.570510328	104142.75
0.660130602	17.41864014	-0.579950631	104142.75
0.660142169	17.49374962	-0.585938036	104142.75
0.660153751	17.71740532	-0.603476465	104142.75
0.660165323	17.72484207	-0.604052246	104142.75
0.660176883	17.71801376	-0.603523612	104142.75
0.660188464	17.84712982	-0.61345315	104142.75
0.660200121	17.84716034	-0.613455415	104142.75
0.660211708	17.82631683	-0.611862004	104142.75
0.660223273	17.78615379	-0.608781457	104142.75
0.660234846	17.93384933	-0.620043337	104142.75
0.660246317	17.96717453	-0.62255919	104142.75
0.660257968	17.94558525	-0.620930433	104142.75
0.660269532	18.14306068	-0.635685802	104142.75
0.660281106	18.16447639	-0.637266874	104142.75
0.660292696	18.26458168	-0.644607902	104142.75
0.660304269	18.30898094	-0.647837997	104142.75
0.660315807	18.33823586	-0.649957717	104142.75
0.66032738	18.34891319	-0.650729656	104142.75
0.660338939	18.40015411	-0.654421628	104142.75
0.660350553	18.43209457	-0.656712472	104142.75
0.660362131	18.39989662	-0.654403091	104142.75
0.660373654	18.46523094	-0.659080744	104142.75
0.660385227	18.54782677	-0.664946079	104142.75
0.660396915	18.53962135	-0.664365828	104142.75
0.660408372	18.55799866	-0.665664733	104142.75
0.66041995	18.58884621	-0.667839229	104142.75
0.660431581	18.68893051	-0.674843848	104142.75
0.660443171	18.74193382	-0.678522229	104142.75
0.660454731	18.70970726	-0.676288247	104142.75
0.660466321	18.74062538	-0.67843169	104142.75
0.660477879	18.68974304	-0.674900413	104142.75
0.660489382	18.75336075	-0.679312348	104142.75
0.660501066	18.75154495	-0.679186881	104142.75
0.660512638	18.82460213	-0.684216678	104142.75
0.660524211	18.86583328	-0.687037528	104142.75
0.660535789	18.83839989	-0.685162008	104142.75
0.66054732	18.86617851	-0.687061012	104142.75
0.660558908	18.87011528	-0.68732965	104142.75
0.66057048	18.91603279	-0.690454662	104142.75
0.660582044	18.96271133	-0.693615198	104142.75
0.660593618	18.95586205	-0.693152428	104142.75
0.660605226	18.97742653	-0.694608212	104142.75
0.6606167	18.98250198	-0.694950342	104142.75
0.660628276	19.02223778	-0.69762224	104142.75
0.66063995	19.02555466	-0.697844684	104142.75
0.660651404	19.03846359	-0.698709965	104142.75
0.660662989	19.06832123	-0.700706422	104142.75
0.660674569	19.04898834	-0.699414372	104142.75
0.660686251	19.08332253	-0.701707006	104142.75
0.660697707	19.09274292	-0.702334404	104142.75
0.660709285	19.0885067	-0.702052355	104142.75
0.660720854	19.12909126	-0.704749525	104142.75
0.660732421	19.12532043	-0.704499483	104142.75
0.660744001	19.14068031	-0.70551759	104142.75
0.660755678	19.1356163	-0.705182016	104142.75
0.660767147	19.17120361	-0.707535625	104142.75
0.66077876	19.18518066	-0.70845741	104142.75
0.660790349	19.17126274	-0.707539499	104142.75
0.660801915	19.16261673	-0.706968486	104142.75
0.660813489	19.18117332	-0.708193302	104142.75
0.660825061	19.17795944	-0.707981348	104142.75
0.660836671	19.18821335	-0.708657205	104142.75
0.660848235	19.18385887	-0.708370268	104142.75
0.660859819	19.16888428	-0.707382441	104142.75
0.660871363	19.17311478	-0.707661688	104142.75
0.660882943	19.18917084	-0.708720267	104142.75
0.660894476	19.19332504	-0.708993912	104142.75
0.660906051	19.18897057	-0.708707154	104142.75
0.660917623	19.18138886	-0.708207429	104142.75
0.660929207	19.18047524	-0.708147168	104142.75
0.660940782	19.18083954	-0.708171189	104142.75
0.660952458	19.18007088	-0.708120525	104142.75
0.660964014	19.17291832	-0.707648695	104142.75
0.660975483	19.16420746	-0.707073569	104142.75
0.660987061	19.14863968	-0.706044436	104142.75
0.660998737	19.14664268	-0.705912292	104142.75
0.661010327	19.13477898	-0.705126524	104142.75
0.661021781	19.13105965	-0.704880059	104142.75
0.661033371	19.116045	-0.703883767	104142.75
0.661044937	19.10255814	-0.702987611	104142.75
0.661056509	19.08625793	-0.701902568	104142.75
0.661068083	19.09513283	-0.702493548	104142.75
0.661079666	19.07430649	-0.701105773	104142.75
0.661091242	19.05751419	-0.699984491	104142.75
0.661102808	19.05602837	-0.69988513	104142.75
0.66111449	19.05388641	-0.699742019	104142.75
0.661126018	19.05196571	-0.699613571	104142.75
0.661137598	19.03108597	-0.698215544	104142.75
0.661149169	18.99803543	-0.695996225	104142.75
0.661160735	18.980793	-0.694835126	104142.75
0.661172313	18.97480774	-0.694431543	104142.75
0.661183916	18.98356056	-0.695021689	104142.75
0.66119549	18.96609116	-0.693843365	104142.75
0.661207083	18.93105125	-0.691473246	104142.75
0.661218541	18.92994499	-0.691398263	104142.75
0.661230226	18.89299965	-0.688889027	104142.75
0.661241797	18.84981728	-0.685943246	104142.75
0.66125326	18.84781075	-0.685806036	104142.75
0.661264837	18.85058403	-0.685995698	104142.75
0.661276516	18.81869507	-0.683811486	104142.75
0.661288083	18.79273415	-0.682027578	104142.75
0.661299609	18.81063461	-0.683258116	104142.75
0.661311178	18.79460716	-0.682156444	104142.75
0.661322743	18.7495327	-0.679047823	104142.75
0.661334334	18.72792053	-0.677551806	104142.75
0.661345903	18.7336483	-0.677948594	104142.75
0.661357441	18.72947693	-0.67765969	104142.75
0.661369122	18.69551659	-0.675302029	104142.75
0.66138059	18.64515686	-0.671789765	104142.75
0.661392271	18.62587166	-0.670439601	104142.75
0.661403839	18.61541748	-0.669706404	104142.75
0.661415348	18.60839081	-0.669213235	104142.75
0.661426939	18.56908035	-0.666446745	104142.75
0.661438501	18.57824135	-0.667092502	104142.75
0.66145008	18.57993126	-0.667211533	104142.75
0.66146166	18.48550415	-0.660525262	104142.75
0.661473181	18.49140549	-0.660945237	104142.75
0.661484772	18.47525787	-0.659795642	104142.75
0.66149634	18.39392471	-0.653973877	104142.75
0.661507905	18.35431862	-0.651120126	104142.75
0.661519477	18.35947037	-0.651492	104142.75
0.66153114	18.34720039	-0.650605917	104142.75
0.661542614	18.24880981	-0.643456638	104142.75
0.661554287	18.25259781	-0.643733323	104142.75
0.661565869	18.26843071	-0.644888461	104142.75
0.661577335	18.31038666	-0.64793992	104142.75
0.661588974	18.32465363	-0.648974359	104142.75
0.661600561	18.24258041	-0.643001318	104142.75
0.661612131	18.2004509	-0.639914215	104142.75
0.6616237	18.21444702	-0.640941441	104142.75
0.661635286	18.12552834	-0.634388745	104142.75
0.661646874	18.09622383	-0.632215083	104142.75
0.66165844	18.08504486	-0.631384075	104142.75
0.661670026	18.08631325	-0.631478488	104142.75
0.661681611	18.02103043	-0.62660557	104142.75
0.661693168	17.91785049	-0.61883229	104142.75
0.661704657	17.92650414	-0.619487643	104142.75
0.66171623	17.93182945	-0.619890571	104142.75
0.661727924	17.8970356	-0.617253363	104142.75
0.661739499	17.82518196	-0.61177516	104142.75
0.661750962	17.82193565	-0.611526668	104142.75
0.661762554	17.78129959	-0.608408213	104142.75
0.66177415	17.75263214	-0.606199741	104142.75
0.661785721	17.72501946	-0.604066074	104142.75
0.661797275	17.78329468	-0.608561575	104142.75
0.661808848	17.75516701	-0.606395245	104142.75
0.661820492	17.69809341	-0.601979017	104142.75
0.661832062	17.64910316	-0.598166108	104142.75
0.66184363	17.58818054	-0.59339571	104142.75
0.661855217	17.54260826	-0.589806318	104142.75
0.661866784	17.50326538	-0.586692989	104142.75
0.661878345	17.47994614	-0.584841311	104142.75
0.661889916	17.42886925	-0.580768943	104142.75
0.661901486	17.37376404	-0.576349497	104142.75
0.661913053	17.33370399	-0.573119879	104142.75
0.661924634	17.27495766	-0.568358004	104142.75
0.661936136	17.31655884	-0.571733415	104142.75
0.661947714	17.24429703	-0.565860391	104142.75
0.661959415	17.20740891	-0.562844396	104142.75
0.661970971	17.2174511	-0.563666701	104142.75
0.661982554	17.19256592	-0.561627388	104142.75
0.661994089	17.0557251	-0.550312817	104142.75
0.662005662	16.97950745	-0.543936729	104142.75
0.662017228	17.05013084	-0.549846768	104142.75
0.662028791	17.05686951	-0.550408244	104142.75
0.66204037	17.02018929	-0.547346652	104142.75
0.66205194	16.89742279	-0.537009537	104142.75
0.662063513	16.8750267	-0.535108745	104142.75
0.662075071	16.89827728	-0.537082076	104142.75
0.662086656	16.87951279	-0.535489857	104142.75
0.662098237	16.82165146	-0.53055954	104142.75
0.662109767	16.84355927	-0.532429934	104142.75
0.66212133	16.72204399	-0.521998107	104142.75
0.662133015	16.63440514	-0.51438725	104142.75
0.662144482	16.61253548	-0.512476683	104142.75
0.662156164	16.57510185	-0.509195507	104142.75
0.662167622	16.59737206	-0.511149168	104142.75
0.662179307	16.57907295	-0.509544194	104142.75
0.662190781	16.58159065	-0.509765148	104142.75
0.662202456	16.49422455	-0.502060115	104142.75
0.662214035	16.40029716	-0.493693352	104142.75
0.66222551	16.39235306	-0.492981643	104142.75
0.662237075	16.41201591	-0.494741917	104142.75
0.662248649	16.31453705	-0.485978007	104142.75
0.662260224	16.26682281	-0.481653988	104142.75
0.66227191	16.22603607	-0.477939516	104142.75
0.662283456	16.13115501	-0.469234049	104142.75
0.662295031	16.18953705	-0.474601477	104142.75
0.662306611	16.1871357	-0.474381447	104142.75
0.662318178	16.07554817	-0.464089721	104142.75
0.662329747	16.05242729	-0.461941451	104142.75
0.662341295	16.048069	-0.461535871	104142.75
0.66235288	15.98906803	-0.456026316	104142.75
0.662364457	15.94624424	-0.45200491	104142.75
0.662376022	15.92687607	-0.450179905	104142.75
0.662387595	15.8537941	-0.443258435	104142.75
0.662399113	15.86852455	-0.444658041	104142.75
0.662410682	15.79218483	-0.437380165	104142.75
0.662422272	15.66032887	-0.424664646	104142.75
0.662433947	15.58953381	-0.417761028	104142.75
0.662445415	15.5883112	-0.417641372	104142.75
0.662456976	15.54345131	-0.413238257	104142.75
0.662468564	15.53749943	-0.412652493	104142.75
0.66248014	15.4443655	-0.403435469	104142.75
0.662491716	15.41565037	-0.400574625	104142.75
0.662503291	15.37432384	-0.3964414	104142.75
0.662514908	15.3458786	-0.393585503	104142.75
0.662526475	15.36904049	-0.395911574	104142.75
0.662538052	15.32326031	-0.391308248	104142.75
0.662549639	15.21234703	-0.380058855	104142.75
0.662561214	15.15143013	-0.373821676	104142.75
0.662572782	15.0573473	-0.364106119	104142.75
0.662584348	15.00349426	-0.358499557	104142.75
0.662595934	14.91497135	-0.349211037	104142.75
0.662607494	14.93794346	-0.351630122	104142.75
0.662619079	14.93842983	-0.351681292	104142.75
0.662630679	14.86648655	-0.344085038	104142.75
0.662642254	14.85449696	-0.342813313	104142.75
0.662653815	14.89266491	-0.346856087	104142.75
0.66266539	14.88813686	-0.346377373	104142.75
0.662676969	14.76009369	-0.332740635	104142.75
0.662688501	14.68208218	-0.324337691	104142.75
0.662700075	14.74880981	-0.331529677	104142.75
0.662711648	14.60914326	-0.316415489	104142.75
0.66272324	14.53558064	-0.308360994	104142.75
0.662734796	14.54826736	-0.309754759	104142.75
0.662746428	14.54702282	-0.309618086	104142.75
0.662757989	14.47606182	-0.301796198	104142.75
0.66276958	14.45295334	-0.299235761	104142.75
0.662781144	14.41978455	-0.295549303	104142.75
0.66279271	14.3012104	-0.282259971	104142.75
0.6628043	14.38147163	-0.291274309	104142.75
0.662815884	14.37099838	-0.290102541	104142.75
0.66282744	14.31360149	-0.283656865	104142.75
0.66283903	14.19291496	-0.269970238	104142.75
0.662850602	14.11796761	-0.261378706	104142.75
0.662862067	14.07474041	-0.256391138	104142.75
0.662873648	14.01212597	-0.249124393	104142.75
0.66288522	14.01068592	-0.248956636	104142.75
0.662896786	14.00758171	-0.248594955	104142.75
0.662908476	13.95591354	-0.242557809	104142.75
0.662920038	13.91032124	-0.237201974	104142.75
0.662931613	13.93751621	-0.240399867	104142.75
0.662943177	13.82910061	-0.227593839	104142.75
0.662954675	13.77407265	-0.221035346	104142.75
0.662966361	13.74031734	-0.216992453	104142.75
0.662977826	13.74038982	-0.21700117	104142.75
0.662989422	13.81467152	-0.225877985	104142.75
0.663000993	13.69937325	-0.212068349	104142.75
0.663012553	13.58853817	-0.198627204	104142.75
0.663024143	13.57043934	-0.196416646	104142.75
0.663035718	13.49976921	-0.187743068	104142.75
0.663047302	13.44448757	-0.18091096	104142.75
0.663058865	13.39358711	-0.174583525	104142.75
0.663070438	13.32205963	-0.165631712	104142.75
0.663082007	13.37187576	-0.171873674	104142.75
0.663093584	13.40015793	-0.175402254	104142.75
0.663105177	13.25362396	-0.157000631	104142.75
0.663116741	13.23592949	-0.154758468	104142.75
0.663128312	13.12342072	-0.140398979	104142.75
0.663139894	13.05788994	-0.131952941	104142.75
0.66315147	13.02862549	-0.128161386	104142.75
0.663163052	13.1401577	-0.142546415	104142.75
0.663174611	13.02984524	-0.12831974	104142.75
0.66318619	13.0148983	-0.126378775	104142.75
0.663197769	12.99467945	-0.123748109	104142.75
0.663209413	12.92167282	-0.114200339	104142.75
0.663220869	12.85419559	-0.105307236	104142.75
0.663232554	12.7419014	-0.090360247	104142.75
0.663244139	12.72459602	-0.088040426	104142.75
0.663255595	12.73025513	-0.088799477	104142.75
0.663267223	12.71898842	-0.087287672	104142.75
0.663278797	12.64922714	-0.077884957	104142.75
0.663290358	12.56558228	-0.066515409	104142.75
0.663301946	12.53640366	-0.062524609	104142.75
0.663313521	12.49450016	-0.056770764	104142.75
0.663325144	12.55726528	-0.065379165	104142.75
0.663336614	12.61101818	-0.072704285	104142.75
0.663348289	12.46237564	-0.052341797	104142.75
0.663359858	12.32944679	-0.033847679	104142.75
0.663371433	12.30282879	-0.030111628	104142.75
0.663382935	12.27162361	-0.025717983	104142.75
0.663394504	12.22668076	-0.01936332	104142.75
0.663406066	12.17555523	-0.012096166	104142.75
0.663417654	12.14438343	-0.007645259	104142.75
0.66342923	12.08305073	0.001157031	104142.75
0.663440779	11.96039963	0.018938638	104142.75
0.663452361	11.98523521	0.015318592	104142.75
0.663463921	11.9842453	0.015462671	104142.75
0.663475516	11.9986248	0.013371049	104142.75
0.66348709	11.95532036	0.019680286	104142.75
0.663498672	11.85469246	0.034457594	104142.75
0.663510262	11.85838032	0.033913087	104142.75
0.663521824	11.73142815	0.052783661	104142.75
0.663533394	11.72363472	0.053950727	104142.75
0.663544967	11.5978384	0.07292749	104142.75
0.663556604	11.5594883	0.078765161	104142.75
0.663568172	11.60370159	0.07203719	104142.75
0.663579764	11.57062912	0.077066809	104142.75
0.663591332	11.48379803	0.090359464	104142.75
0.663602894	11.49061489	0.089311294	104142.75
0.663614442	11.48828125	0.08967001	104142.75
0.663626018	11.31867027	0.115991421	104142.75
0.663637587	11.28452778	0.121349551	104142.75
0.663649152	11.28635216	0.121062778	104142.75
0.663660739	11.23970604	0.128414333	104142.75
0.663672303	11.16548824	0.140189201	104142.75
0.663683874	11.10035801	0.150602028	104142.75
0.663695444	11.15096569	0.142504528	104142.75
0.663707023	11.11346626	0.148500264	104142.75
0.663718592	10.99552059	0.167520404	104142.75
0.663730158	11.04106045	0.160147265	104142.75
0.663741735	11.01360416	0.164588168	104142.75
0.663753303	11.01329803	0.16463773	104142.75
0.663764979	11.00951195	0.16525124	104142.75
0.663776454	10.93338203	0.177640766	104142.75
0.663788113	10.87454224	0.187287927	104142.75
0.663799672	10.89559269	0.183829308	104142.75
0.663811256	10.86877251	0.188237175	104142.75
0.663822828	10.74280357	0.209114984	104142.75
0.663834407	10.72280407	0.212456361	104142.75
0.6638459	10.60107994	0.232952461	104142.75
0.663857463	10.58088875	0.236379042	104142.75
0.663869049	10.6329031	0.227567479	104142.75
0.663880629	10.5136404	0.247846186	104142.75
0.663892191	10.39345837	0.268552125	104142.75
0.663903805	10.39297581	0.26863578	104142.75
0.663915386	10.4483366	0.259063244	104142.75
0.663926962	10.49825382	0.250481874	104142.75
0.663938552	10.49582958	0.250897586	104142.75
0.663950101	10.43578529	0.261228502	104142.75
0.663961728	10.31995392	0.281351835	104142.75
0.663973291	10.25127983	0.293404162	104142.75
0.663984857	10.25904846	0.292036235	104142.75
0.663996438	10.24701118	0.294156283	104142.75
0.664008024	10.19120026	0.304023266	104142.75
0.664019604	10.12243271	0.316264421	104142.75
0.664031159	10.03779316	0.331458569	104142.75
0.664042739	9.983194351	0.341335267	104142.75
0.664054316	10.04379463	0.330376536	104142.75
0.664065887	9.839104652	0.367687523	104142.75
0.664077401	9.819597244	0.371287257	104142.75
0.664088978	9.903348923	0.35588634	104142.75
0.664100542	9.917822838	0.353239089	104142.75
0.664112161	9.829496384	0.36945951	104142.75
0.664123699	9.696374893	0.394206077	104142.75
0.664135274	9.705002785	0.392591327	104142.75
0.664146856	9.686549187	0.396047086	104142.75
0.664158431	9.652132034	0.402511269	104142.75
0.664170057	9.691028595	0.395207584	104142.75
0.664181585	9.599824905	0.412382573	104142.75
0.664193126	9.538103104	0.424103677	104142.75
0.664204707	9.458398819	0.439358205	104142.75
0.66421629	9.507128716	0.430016011	104142.75
0.664227859	9.415313721	0.447660118	104142.75
0.664239443	9.417842865	0.447171629	104142.75
0.664251075	9.359138489	0.458543539	104142.75
0.664262655	9.336587906	0.462931573	104142.75
0.664274118	9.250950813	0.479694516	104142.75
0.664285797	9.279177666	0.47415179	104142.75
0.664297384	9.145929337	0.500468671	104142.75
0.664308935	9.119312286	0.505772114	104142.75
0.664320509	9.137722015	0.502102315	104142.75
0.664332085	9.183972359	0.49291566	104142.75
0.664343649	9.139097214	0.501828611	104142.75
0.66435523	9.105641365	0.508502007	104142.75
0.664366821	9.036226273	0.522427082	104142.75
0.66437838	9.109366417	0.507757723	104142.75
0.66438996	9.044225693	0.520816863	104142.75
0.664401539	8.960224152	0.537795961	104142.75
0.6644131	9.016042709	0.526495934	104142.75
0.664424657	9.022950172	0.525102437	104142.75
0.664436239	8.918410301	0.546306372	104142.75
0.664447802	8.836709023	0.563048422	104142.75
0.66445938	8.783455849	0.57404238	104142.75
0.664470971	8.720701218	0.587080956	104142.75
0.664482558	8.653450012	0.60115397	104142.75
0.664494145	8.632667542	0.605523944	104142.75
0.66450572	8.569584847	0.618850112	104142.75
0.664517285	8.575793266	0.617534638	104142.75
0.664528856	8.452629089	0.643803239	104142.75
0.664540352	8.429589272	0.648756802	104142.75
0.664551925	8.47604084	0.638782442	104142.75
0.664563505	8.516275406	0.630184114	104142.75
0.664575081	8.432033539	0.648230612	104142.75
0.664586644	8.362257004	0.66330564	104142.75
0.66459822	8.319254875	0.672653914	104142.75
0.664609781	8.348772049	0.666232407	104142.75
0.66462135	8.26831913	0.683784187	104142.75
0.664632931	8.175554276	0.704215944	104142.75
0.664644498	8.143317223	0.711365283	104142.75
0.66465613	8.100514412	0.720896959	104142.75
0.6646677	8.097362518	0.721600711	104142.75
0.664679262	8.143893242	0.711237192	104142.75
0.664690838	8.122986794	0.71588707	104142.75
0.664702432	8.115860939	0.717474282	104142.75
0.664714052	8.027843475	0.737183154	104142.75
0.664725508	7.965950489	0.751157105	104142.75
0.664737189	7.86414814	0.77434969	104142.75
0.664748776	7.890261173	0.768375874	104142.75
0.664760238	7.915205002	0.762685418	104142.75
0.664771852	7.874784946	0.771914244	104142.75
0.664783409	7.785011768	0.792558849	104142.75
0.664794986	7.818411827	0.784854233	104142.75
0.66480657	7.764644146	0.797271133	104142.75
0.66481816	7.745959282	0.801603377	104142.75
0.664829705	7.718589783	0.807965338	104142.75
0.664841287	7.695441246	0.813361168	104142.75
0.66485286	7.560115337	0.845181406	104142.75
0.664864439	7.484039784	0.863278806	104142.75
0.664876012	7.528922081	0.852583587	104142.75
0.66488764	7.543118	0.849211752	104142.75
0.664899229	7.456409454	0.869889438	104142.75
0.66491079	7.454849243	0.870263279	104142.75
0.664922378	7.460710049	0.868859172	104142.75
0.664933938	7.362870693	0.892418265	104142.75
0.664945525	7.37174511	0.890270829	104142.75
0.6649571	7.296964169	0.908431709	104142.75
0.664968666	7.229816914	0.924866557	104142.75
0.664980135	7.219039917	0.927515566	104142.75
0.664991711	7.155421257	0.943217874	104142.75
0.665003383	7.180567741	0.936998069	104142.75
0.66501486	7.181099892	0.936866701	104142.75
0.665026542	7.12041235	0.951905668	104142.75
0.665038114	7.078206062	0.962424278	104142.75
0.665049687	6.956219673	0.993101597	104142.75
0.665061185	6.946264267	0.99562335	104142.75
0.665072761	6.991399288	0.98421222	104142.75
0.665084344	6.990371704	0.98447144	104142.75
0.665095913	6.999741554	0.982109368	104142.75
0.665107482	6.92745018	1.000396729	104142.75
0.665119055	6.943873882	0.996229351	104142.75
0.665130627	6.852327824	1.019555211	104142.75
0.665142203	6.790006161	1.035569668	104142.75
0.66515387	6.804074287	1.03194499	104142.75
0.665165451	6.795744896	1.0340904	104142.75
0.665176926	6.707734585	1.05687952	104142.75
0.665188501	6.705416203	1.057482839	104142.75
0.665200084	6.663031101	1.068539619	104142.75
0.665211662	6.618727207	1.080152392	104142.75
0.665223232	6.579452992	1.090494156	104142.75
0.665234843	6.578321457	1.090792775	104142.75
0.665246423	6.557385922	1.096324563	104142.75
0.665257992	6.450361729	1.124803543	104142.75
0.665269562	6.460497856	1.122091889	104142.75
0.665281142	6.455433369	1.123446345	104142.75
0.665292683	6.368268013	1.146876931	104142.75
0.665304249	6.379891396	1.143739462	104142.75
0.665315819	6.357350826	1.149827361	104142.75
0.665327396	6.388238907	1.141488791	104142.75
0.665338965	6.346538067	1.152753234	104142.75
0.665350607	6.266488552	1.174521923	104142.75
0.665362169	6.288163185	1.168608666	104142.75
0.665373735	6.236953259	1.182602286	104142.75
0.665385316	6.173242569	1.200122237	104142.75
0.665396902	6.128996372	1.21236217	104142.75
0.665408477	6.108113766	1.218159676	104142.75
0.665420058	6.041101456	1.236854076	104142.75
0.665431616	6.027018547	1.240800381	104142.75
0.665443189	6.027450085	1.240679383	104142.75
0.665454781	5.985692978	1.252415896	104142.75
0.665466319	5.967357159	1.257586479	104142.75
0.665477884	6.053365231	1.233422518	104142.75
0.665489467	6.048265934	1.234848738	104142.75
0.665501032	6.03676796	1.238067746	104142.75
0.665512622	5.948348045	1.26295805	104142.75
0.665524212	5.887367249	1.280265927	104142.75
0.66553578	5.851884365	1.290390372	104142.75
0.665547363	5.890038967	1.279505253	104142.75
0.665558925	5.792974949	1.307286859	104142.75
0.665570506	5.705307961	1.332635403	104142.75
0.665582093	5.64248991	1.350949884	104142.75
0.665593659	5.654482842	1.347443581	104142.75
0.66560523	5.678899765	1.340319276	104142.75
0.665616802	5.657844544	1.346461535	104142.75
0.665628397	5.616672516	1.358513713	104142.75
0.665639973	5.620549679	1.357376456	104142.75
0.665651539	5.649912357	1.348779321	104142.75
0.665663124	5.591267109	1.365977883	104142.75
0.665674699	5.522476196	1.386293769	104142.75
0.66568626	5.431108475	1.413516045	104142.75
0.665697743	5.427382469	1.414632082	104142.75
0.665709328	5.428049564	1.414432168	104142.75
0.665720898	5.389097214	1.426125288	104142.75
0.665732475	5.341187954	1.440575838	104142.75
0.665744057	5.312004089	1.449415922	104142.75
0.665755644	5.289739609	1.456179142	104142.75
0.665767209	5.261968136	1.464638472	104142.75
0.66577879	5.248803616	1.468657494	104142.75
0.665790362	5.215362072	1.478893042	104142.75
0.665801939	5.228932858	1.474734902	104142.75
0.665813586	5.208590984	1.480970144	104142.75
0.665825151	5.212534428	1.479760289	104142.75
0.665836728	5.158155441	1.496490121	104142.75
0.6658483	5.131532669	1.50471735	104142.75
0.665859882	5.047786713	1.530754924	104142.75
0.665871358	5.039311409	1.533403397	104142.75
0.665883045	4.992400169	1.548107624	104142.75
0.665894511	4.988846779	1.549224496	104142.75
0.665906086	5.010291576	1.542490602	104142.75
0.665917646	5.006056786	1.543819189	104142.75
0.665929276	4.926845074	1.568783164	104142.75
0.665940849	4.889907837	1.580498815	104142.75
0.665952427	4.845716	1.594578147	104142.75
0.665964006	4.834165096	1.598269582	104142.75
0.665975588	4.771422863	1.618402481	104142.75
0.665987074	4.779955864	1.615656257	104142.75
0.665998786	4.783969879	1.61436522	104142.75
0.666010354	4.751776695	1.624735236	104142.75
0.666021817	4.745713234	1.626692534	104142.75
0.666033496	4.750072002	1.625285387	104142.75
0.666044998	4.717547417	1.635801554	104142.75
0.666056573	4.71634531	1.636190891	104142.75
0.66606813	4.707513809	1.639053345	104142.75
0.666079723	4.675708771	1.649384737	104142.75
0.666091281	4.664974213	1.652879715	104142.75
0.666102873	4.682913303	1.647041202	104142.75
0.66611444	4.664556027	1.65301609	104142.75
0.666126006	4.562757492	1.686368704	104142.75
0.666137585	4.530358791	1.697062373	104142.75
0.666149164	4.526557446	1.698319435	104142.75
0.666160754	4.535939217	1.695217729	104142.75
0.666172309	4.487069607	1.711410046	104142.75
0.66618389	4.420643807	1.733559489	104142.75
0.666195471	4.413273335	1.736027122	104142.75
0.666207035	4.379891396	1.747228622	104142.75
0.666218586	4.320151806	1.767377496	104142.75
0.666230153	4.32505703	1.765718103	104142.75
0.666241744	4.294267654	1.776148915	104142.75
0.666253299	4.271366119	1.783930421	104142.75
0.666264889	4.273430824	1.783228159	104142.75
0.666276538	4.263963699	1.786449909	104142.75
0.666288113	4.244783402	1.792987466	104142.75
0.66629969	4.235280991	1.796231389	104142.75
0.666311263	4.227468967	1.798900843	104142.75
0.66632283	4.14625597	1.826788664	104142.75
0.666334413	4.100848675	1.842490196	104142.75
0.666345987	4.077302456	1.850663185	104142.75
0.666357571	4.145330906	1.827107787	104142.75
0.666369141	4.118149757	1.83649838	104142.75
0.666380709	4.062282085	1.85588789	104142.75
0.666392292	4.045938015	1.861582875	104142.75
0.666403866	3.969041824	1.888514757	104142.75
0.666415424	3.959447622	1.891891003	104142.75
0.666427002	3.923471212	1.904583216	104142.75
0.666438576	3.95423913	1.893725395	104142.75
0.666450146	3.943176985	1.89762497	104142.75
0.666461739	3.973704577	1.886875153	104142.75
0.666473315	3.958756447	1.892134428	104142.75
0.666484882	3.920695305	1.905564547	104142.75
0.666496461	3.888974667	1.916800499	104142.75
0.666508033	3.889853239	1.916488767	104142.75
0.666519674	3.8671875	1.924540639	104142.75
0.666531173	3.76623416	1.960648537	104142.75
0.666542751	3.752804518	1.965482235	104142.75
0.666554324	3.764404535	1.961306691	104142.75
0.666565809	3.762232542	1.962088108	104142.75
0.6665774	3.744151831	1.968600392	104142.75
0.666588948	3.745301724	1.968185782	104142.75
0.666600533	3.729426146	1.973913789	104142.75
0.666612215	3.653193474	2.001558781	104142.75
0.666623697	3.56021905	2.03559041	104142.75
0.666635288	3.58276701	2.027305126	104142.75
0.666646844	3.552449703	2.038450003	104142.75
0.666658426	3.499317408	2.058071852	104142.75
0.666670007	3.545305014	2.041081905	104142.75
0.666681632	3.509981632	2.054124355	104142.75
0.666693195	3.485126257	2.063332081	104142.75
0.66670476	3.469586849	2.069101572	104142.75
0.666716354	3.501490831	2.057266951	104142.75
0.66672791	3.4646492	2.070936918	104142.75
0.666739535	3.397135735	2.096131802	104142.75
0.666750991	3.368811131	2.106757879	104142.75
0.666762565	3.387704134	2.099666357	104142.75
0.666774242	3.359282255	2.110340118	104142.75
0.666785833	3.360123634	2.110023737	104142.75
0.66679736	3.300682783	2.132452726	104142.75
0.666808924	3.263819218	2.146436453	104142.75
0.666820493	3.259838343	2.147949934	104142.75
0.666832065	3.252941132	2.150573731	104142.75
0.666843598	3.192084074	2.173811436	104142.75
0.666855203	3.168835163	2.18272996	104142.75
0.666866765	3.184490681	2.176721811	104142.75
0.666878358	3.193883896	2.173121929	104142.75
0.666889931	3.154679537	2.188171387	104142.75
0.666901495	3.161915064	2.185389042	104142.75
0.66691313	3.130203962	2.197599888	104142.75
0.66692469	3.076776028	2.218269825	104142.75
0.666936273	3.057623386	2.2257092	104142.75
0.666947836	3.045058489	2.230598211	104142.75
0.66695941	3.049150229	2.229005337	104142.75
0.666970921	3.061823845	2.224076271	104142.75
0.666982504	3.068426371	2.221511126	104142.75
0.66699406	3.047136784	2.229789019	104142.75
0.667005642	3.013448715	2.242927551	104142.75
0.667017206	3.024570704	2.238584518	104142.75
0.667028811	2.962062836	2.263062239	104142.75
0.667040383	2.913089514	2.282357931	104142.75
0.667051964	2.915471792	2.281416893	104142.75
0.667063531	2.927428246	2.276697636	104142.75
0.667075077	2.881335735	2.294924736	104142.75
0.667086691	2.879581213	2.295620441	104142.75
0.667098259	2.836839676	2.312608481	104142.75
0.667109849	2.812366486	2.322371721	104142.75
0.667121408	2.832400322	2.314377546	104142.75
0.667133039	2.750141859	2.347313881	104142.75
0.667144612	2.74151659	2.350784779	104142.75
0.667156183	2.723425865	2.35807538	104142.75
0.667167761	2.713637114	2.362026215	104142.75
0.667179322	2.720936775	2.359079599	104142.75
0.667190908	2.720981598	2.35906148	104142.75
0.667202471	2.715049028	2.361456156	104142.75
0.667214056	2.639865398	2.391939163	104142.75
0.667225517	2.571107149	2.4200387	104142.75
0.667237186	2.608314037	2.404806852	104142.75
0.667248752	2.610055685	2.404095411	104142.75
0.667260287	2.615287781	2.401958942	104142.75
0.667271857	2.591923237	2.411509275	104142.75
0.66728345	2.549064636	2.42909193	104142.75
0.667295024	2.518424034	2.441713095	104142.75
0.667306622	2.518800259	2.441557884	104142.75
0.667318123	2.498204947	2.450064898	104142.75
0.66732971	2.512737036	2.444060326	104142.75
0.66734128	2.513139486	2.443894148	104142.75
0.667352847	2.509429216	2.445426226	104142.75
0.66736442	2.440134287	2.474155426	104142.75
0.667376051	2.442440987	2.473195553	104142.75
0.667387622	2.420538902	2.482319355	104142.75
0.667399192	2.426760674	2.479725361	104142.75
0.667410755	2.387857914	2.495974302	104142.75
0.66742234	2.40083003	2.490548372	104142.75
0.667433904	2.417545795	2.483567953	104142.75
0.667445472	2.401708603	2.490181208	104142.75
0.667457052	2.295837879	2.534687519	104142.75
0.667468626	2.299162388	2.533282042	104142.75
0.667480207	2.284235001	2.539596796	104142.75
0.667491826	2.30193758	2.532109261	104142.75
0.667503402	2.248956919	2.554561853	104142.75
0.667514967	2.226708174	2.564029694	104142.75
0.667526549	2.215060711	2.568995476	104142.75
0.667538125	2.206194162	2.572779894	104142.75
0.66754965	2.201649666	2.574721098	104142.75
0.667561217	2.209475994	2.571378708	104142.75
0.667572784	2.199210167	2.575763464	104142.75
0.667584363	2.183996439	2.582270622	104142.75
0.667595928	2.15393281	2.595161438	104142.75
0.66760757	2.128893375	2.605930567	104142.75
0.667619141	2.105438232	2.616045237	104142.75
0.667630708	2.072204351	2.630421639	104142.75
0.667642298	2.068668127	2.631954432	104142.75
0.667653856	2.06666708	2.632822037	104142.75
0.667665343	2.038189411	2.645190477	104142.75
0.66767703	2.011172056	2.656960487	104142.75
0.667688591	2.004492283	2.65987587	104142.75
0.667700169	2.013264656	2.656047583	104142.75
0.667711707	1.993208528	2.664805651	104142.75
0.667723303	1.987199307	2.6674335	104142.75
0.667734886	1.959411979	2.67960763	104142.75
0.667746459	1.940562844	2.687886953	104142.75
0.667758032	1.934495688	2.690555573	104142.75
0.667769609	1.937760472	2.689119339	104142.75
0.667781113	1.91942203	2.697193384	104142.75
0.667792696	1.886508465	2.711725473	104142.75
0.667804284	1.894479156	2.708201408	104142.75
0.667815835	1.892384529	2.709127188	104142.75
0.667827427	1.872516155	2.71791935	104142.75
0.66783901	1.850752711	2.727572203	104142.75
0.667850579	1.812288642	2.744688988	104142.75
0.66786216	1.812197208	2.744729757	104142.75
0.667873724	1.819413304	2.741513014	104142.75
0.667885305	1.795303822	2.75227046	104142.75
0.667896896	1.809221506	2.746057034	104142.75
0.667908484	1.780061722	2.759086132	104142.75
0.667920041	1.777308464	2.760318518	104142.75
0.667931626	1.740870833	2.776663303	104142.75
0.667943204	1.717894554	2.787003517	104142.75
0.667954783	1.725936294	2.783381462	104142.75
0.667966358	1.701879501	2.794226408	104142.75
0.667977925	1.688985348	2.800050974	104142.75
0.66798951	1.689149857	2.799976587	104142.75
0.668001066	1.669308901	2.808955193	104142.75
0.668012644	1.644538999	2.82019186	104142.75
0.66802422	1.616939783	2.832748175	104142.75
0.66803579	1.560226321	2.858669996	104142.75
0.668047364	1.553221583	2.861882925	104142.75
0.668058932	1.569178939	2.854567289	104142.75
0.668070487	1.583085299	2.848202467	104142.75
0.66808207	1.563964963	2.856956244	104142.75
0.668093635	1.553786397	2.861623764	104142.75
0.668105216	1.528764129	2.873120308	104142.75
0.668116785	1.513009787	2.880374908	104142.75
0.668128349	1.522748709	2.875888825	104142.75
0.668139933	1.520038128	2.877136946	104142.75
0.668151502	1.489631772	2.891163349	104142.75
0.66816308	1.487668157	2.89207077	104142.75
0.668174649	1.464125633	2.902965546	104142.75
0.668186226	1.447835803	2.910520554	104142.75
0.668197806	1.445814967	2.911458731	104142.75
0.668209386	1.434002996	2.91694665	104142.75
0.668220944	1.398935318	2.933281422	104142.75
0.668232517	1.367092967	2.948168516	104142.75
0.668244104	1.364752054	2.949265003	104142.75
0.668255659	1.35179925	2.955337286	104142.75
0.668267243	1.319263101	2.9706285	104142.75
0.668278808	1.332851648	2.964235544	104142.75
0.668282533	1.345375776	2.958351851	104142.75
0.668301932	1.342635751	2.959638357	0
0.668313514	1.293712497	2.982675076	0
0.66832509	1.271495223	2.993177652	0
0.668336665	1.261404872	2.997956038	0
0.668348235	1.251218677	3.002785206	104142.75
0.66835985	1.263211489	2.997100115	104142.75
0.668371424	1.253411889	3.001744986	104142.75
0.668382983	1.249061704	3.003808498	104142.75
0.668394565	1.230368018	3.012687206	104142.75
0.668406109	1.232969523	3.011450529	104142.75
0.668417763	1.237499118	3.009298086	104142.75
0.668429335	1.184487343	3.03455615	104142.75
0.668440904	1.170189619	3.041393757	104142.75
0.668452494	1.166365624	3.043224335	104142.75
0.668464048	1.156733513	3.047838688	104142.75
0.668475632	1.14552021	3.053216696	104142.75
0.668487192	1.163656712	3.04452157	104142.75
0.668498774	1.137329698	3.057149172	104142.75
0.668510353	1.107400179	3.071549177	104142.75
0.668521918	1.102909207	3.073714018	104142.75
0.668533461	1.106899023	3.071790695	104142.75
0.66854503	1.049626589	3.099480391	104142.75
0.668556605	1.058350563	3.095251322	104142.75
0.668568175	1.076998472	3.086225033	104142.75
0.668579765	1.075321198	3.087036133	104142.75
0.668591358	1.043221474	3.102587938	104142.75
0.668602922	1.016492724	3.115579605	104142.75
0.668614497	1.015643954	3.115992785	104142.75
0.668626082	1.013077021	3.117242575	104142.75
0.668637647	0.982098222	3.132353544	104142.75
0.668649252	0.979785144	3.133483887	104142.75
0.668660833	1.014717817	3.116443634	104142.75
0.668672389	0.951690078	3.147236347	104142.75
0.66868397	0.958501041	3.143898487	104142.75
0.668695546	0.956617296	3.144821405	104142.75
0.668707021	0.951998889	3.147084951	104142.75
0.668718697	0.96162802	3.142366886	104142.75
0.668730264	0.955417991	3.145409107	104142.75
0.668741849	0.924207628	3.160730124	104142.75
0.668753345	0.905283392	3.170045614	104142.75
0.668764984	0.893434644	3.175888062	104142.75
0.668776564	0.882137537	3.181465626	104142.75
0.66878813	0.854173422	3.195301771	104142.75
0.668799701	0.846867144	3.198923826	104142.75
0.668811297	0.834661663	3.204981089	104142.75
0.668822789	0.855372489	3.194707632	104142.75
0.668834357	0.833487451	3.205564261	104142.75
0.668845932	0.844081163	3.2003057	104142.75
0.668857504	0.820593417	3.211972952	104142.75
0.66886907	0.809116364	3.217684984	104142.75
0.668880665	0.780152082	3.232132435	104142.75
0.668892242	0.805038393	3.219716311	104142.75
0.668903822	0.793457687	3.225489855	104142.75
0.668915394	0.781503201	3.231457472	104142.75
0.668926967	0.766240299	3.239088059	104142.75
0.668938619	0.748689055	3.247878552	104142.75
0.668950171	0.731698513	3.2564044	104142.75
0.66896165	0.736851692	3.253816843	104142.75
0.668973327	0.718814313	3.262880325	104142.75
0.668977491	0.708709776	3.267965555	104142.75
0.668996428	0.713259697	3.265675068	104142.75
0.669008021	0.718687296	3.262944222	104142.75
0.669019573	0.702423155	3.271132231	104142.75
0.669031162	0.695732355	3.2745049	104142.75
0.669042731	0.674581349	3.285182953	104142.75
0.669054345	0.667963803	3.288528919	104142.75
0.669065925	0.656560183	3.294300556	104142.75
0.669077504	0.635288239	3.305086136	104142.75
0.669089073	0.633817315	3.305832863	104142.75
0.669100565	0.633167446	3.306162834	104142.75
0.669112122	0.633621991	3.305932045	104142.75
0.669123704	0.610351861	3.317761898	104142.75
0.669135269	0.573488891	3.336564064	104142.75
0.669146844	0.580635965	3.332912684	104142.75
0.669158414	0.590528011	3.327863693	104142.75
0.669170008	0.593682766	3.326254606	104142.75
0.669181575	0.576653183	3.334947109	104142.75
0.669193154	0.568827093	3.338947296	104142.75
0.669204721	0.559967518	3.343479872	104142.75
0.669216303	0.573303223	3.336658955	104142.75
0.669227859	0.558222354	3.344373226	104142.75
0.669239449	0.512400866	3.367890835	104142.75
0.669251017	0.50655973	3.370897293	104142.75
0.669262584	0.502374589	3.373052597	104142.75
0.669274165	0.491260886	3.378780842	104142.75
0.669285836	0.501565516	3.373469353	104142.75
0.669297403	0.501114786	3.373701572	104142.75
0.66930897	0.48155573	3.383788824	104142.75
0.66932056	0.474611163	3.387375593	104142.75
0.669332147	0.463347495	3.393198967	104142.75
0.669343702	0.449815869	3.40020442	104142.75
0.669355263	0.444839895	3.402783155	104142.75
0.669366835	0.432023317	3.409431696	104142.75
0.669378425	0.432635099	3.409114122	104142.75
0.669383042	0.429477871	3.41075325	104142.75
0.669401514	0.425534576	3.412801266	104142.75
0.669413081	0.431834549	3.409529686	104142.75
0.669424648	0.414566219	3.418502569	104142.75
0.669436238	0.389232308	3.431697369	104142.75
0.669447805	0.366098821	3.443778276	104142.75
0.669459353	0.365931481	3.443865776	104142.75
0.66947092	0.360819876	3.446539402	104142.75
0.669482487	0.355792195	3.449170589	104142.75
0.669494077	0.369857639	3.441813231	104142.75
0.669505655	0.359114796	3.447431564	104142.75
0.669517315	0.361005336	3.446442366	104142.75
0.669528882	0.361071885	3.446407557	104142.75
0.669540356	0.354532063	3.449830294	104142.75
0.669551923	0.345136464	3.454751968	104142.75
0.669563606	0.344453663	3.455109835	104142.75
0.669575069	0.332803994	3.461219788	104142.75
0.669586763	0.322597206	3.466579437	104142.75
0.669598353	0.320857555	3.467493534	104142.75
0.669609805	0.329594523	3.462904453	104142.75
0.669621488	0.318380266	3.468795538	104142.75
0.669632974	0.318127602	3.468928337	104142.75
0.669644541	0.322536379	3.466611385	104142.75
0.669656108	0.319178581	3.468375921	104142.75
0.669667698	0.313186944	3.471526146	104142.75
