Day fraction since midnight on 	photometer (volts)	photometer (mg/L)	Source pressure (Pa)	Outlet Turb (NTU)	Inlet Turb (NTU)	Pump Control ()	Pump control backwash ()
0.948695488	10.20232773	10.20232773	113046.6484	1.149999976	0	0.500526316	0.805894737
0.948753357	10.20237637	10.20237637	113032.5625	1.289999962	0	0.500526316	0.805894737
0.948811219	10.20233917	10.20233917	113034.8672	1.819999933	0	0.500526316	0.805894737
0.948869091	10.20252705	10.20252705	113021.0234	3	0	0.500526316	0.805894737
0.948926984	10.2024765	10.2024765	113027.375	2.759999991	0	0.500526316	0.805894737
0.948984842	10.20240879	10.20240879	113016.375	2.400000095	0	0.500526316	0.805894737
0.949042713	10.20218372	10.20218372	113003.4375	1.980000019	0.802999973	0.500526316	0.805894737
0.949100577	10.20229435	10.20229435	113014.9688	1.639999986	2.638000011	0.500526316	0.805894737
0.949158448	10.20224571	10.20224571	112998.8984	2.259999991	4.953999996	0.500526316	0.805894737
0.949216324	10.20241165	10.20241165	113001.7813	2.359999895	6.222000122	0.500526316	0.805894737
0.949274204	10.20236874	10.20236874	113003.8828	1.789999962	7.267000198	0.500526316	0.805894737
0.949332056	10.20244789	10.20244789	113012.2656	1.830000043	8.399000168	0.500526316	0.805894737
0.949389952	10.20233822	10.20233822	113024.3125	1.659999967	10.22000027	0.500526316	0.805894737
0.949447812	10.20240784	10.20240784	113028.3828	1.590000033	19.09000015	0.500526316	0.805894737
0.949505684	10.2022171	10.2022171	113039.8203	1.840000033	19.41399956	0.500526316	0.805894737
0.949563538	10.20239735	10.20239735	113036.75	2.210000038	19.5529995	0.500526316	0.805894737
0.949621407	10.20235443	10.20235443	113040.1641	2.230000019	18.91600037	0.500526316	0.805894737
0.949679293	10.20236206	10.20236206	113047.1641	1.830000043	17.97900009	0.500526316	0.805894737
0.949737166	10.202384	10.202384	113055.5547	1.600000024	16.74699974	0.500526316	0.805894737
0.949795025	10.20236874	10.20236874	113063.2109	1.620000005	15.60000038	0.500526316	0.805894737
0.949852896	10.2025547	10.2025547	113066.7266	1.889999986	14.60599995	0.500526316	0.805894737
0.949910755	10.2023325	10.2023325	113099.7656	2.74000001	13.73400021	0.500526316	0.805894737
0.949968626	10.20226192	10.20226192	113117.0156	3.019999981	12.6989994	0.500526316	0.805894737
0.950026493	10.20230484	10.20230484	113092.3125	3.509999991	11.89000034	0.500526316	0.805894737
0.950084377	10.20234776	10.20234776	113107.7969	3.269999981	11.13799953	0.500526316	0.805894737
0.950142234	10.20236588	10.20236588	113108.3672	3.109999895	10.4289999	0.500526316	0.805894737
0.95020011	10.20231533	10.20231533	113106.1094	2.639999867	8.758999825	0.500526316	0.805894737
0.950257981	10.20226574	10.20226574	113125.1875	2.319999933	8.907999992	0.500526316	0.805894737
0.950315855	10.20247936	10.20247936	113114.2891	2.710000038	8.798000336	0.500526316	0.805894737
0.950373713	10.20236778	10.20236778	113130.6563	3.089999914	8.788000107	0.500526316	0.805894737
0.950431625	10.20240498	10.20240498	113125.7656	2.569999933	9.020999908	0.500526316	0.805894737
0.950489495	10.20217133	10.20217133	113142.3828	3.039999962	8.666999817	0.500526316	0.805894737
0.950547297	10.20233345	10.20233345	113141.7266	2.549999952	8.545999527	0.500526316	0.805894737
0.95060527	10.20229435	10.20229435	113147.4844	2.339999914	8.437000275	0.500526316	0.805894737
0.950663022	10.20232868	10.20232868	113152.1875	1.919999957	8.345999718	0.500526316	0.805894737
0.950720899	10.20229244	10.20229244	113162.625	1.769999981	8.246999741	0.500526316	0.805894737
0.950778758	10.2024374	10.2024374	113152.0859	1.549999952	8.072999954	0.500526316	0.805894737
0.950836642	10.20243454	10.20243454	113184.2813	2.139999867	7.919000149	0.500526316	0.805894737
0.950894618	10.20243263	10.20243263	113165.875	2.670000076	7.822999954	0.500526316	0.805894737
0.950952381	10.20219135	10.20219135	113199.3125	2.230000019	7.706999779	0.500526316	0.805894737
0.951010249	10.20235729	10.20235729	113195.5313	1.809999943	7.653999806	0.500526316	0.805894737
0.951068234	10.20228958	10.20228958	113194.8359	2.230000019	7.665999889	0.500526316	0.805894737
0.951125985	10.20232487	10.20232487	113202.3438	2.769999981	7.528999806	0.500526316	0.805894737
0.951183864	10.20234871	10.20234871	113202.7266	2.24000001	7.37899971	0.500526316	0.805894737
0.951241724	10.20239735	10.20239735	113214.5625	1.789999962	7.343999863	0.500526316	0.805894737
0.951299595	10.20244026	10.20244026	113213.5625	1.960000038	7.338999748	0.500526316	0.805894737
0.951357463	10.20233345	10.20233345	113212.3516	1.690000057	7.278999806	0.500526316	0.805894737
0.951415339	10.20215225	10.20215225	113211.9844	1.929999948	7.268000126	0.500526316	0.805894737
0.951473209	10.20238876	10.20238876	113204.5	2.49000001	7.190000057	0.500526316	0.805894737
0.951531179	10.20238209	10.20238209	113223.2578	2.889999867	7.077000141	0.500526316	0.805894737
0.951589064	10.20230484	10.20230484	113208.0781	2.190000057	7.02699995	0.500526316	0.805894737
0.951646817	10.20232582	10.20232582	113218.5156	2.210000038	6.980999947	0.500526316	0.805894737
0.951704801	10.20230389	10.20230389	113222.4297	2.809999943	7.02699995	0.500526316	0.805894737
0.951762663	10.20242977	10.20242977	113235.75	2.259999991	7.044000149	0.500526316	0.805894737
0.951820427	10.20242596	10.20242596	113242.375	2.339999914	6.973999977	0.500526316	0.805894737
0.951878405	10.20239353	10.20239353	113241.5781	1.970000029	6.894999981	0.500526316	0.805894737
0.951936282	10.20222092	10.20222092	113252.0156	1.879999995	6.809999943	0.500526316	0.805894737
0.951994148	10.202384	10.202384	113238.3672	2.889999867	6.732999802	0.500526316	0.805894737
0.952052007	10.20231152	10.20231152	113242.8359	2.400000095	6.65199995	0.500526316	0.805894737
0.95210989	10.20230579	10.20230579	113260.7734	1.909999967	6.636000156	0.500526316	0.805894737
0.952167753	10.20227146	10.20227146	113254.1328	1.529999971	6.631000042	0.500526316	0.805894737
0.952225627	10.20246696	10.20246696	113251.7578	1.440000057	6.671000004	0.500526316	0.805894737
0.952283429	10.20243073	10.20243073	113254.7422	1.569999933	6.623000145	0.500526316	0.805894737
0.952341295	10.20228004	10.20228004	113271.0625	1.559999943	6.602000237	0.500526316	0.805894737
0.952399149	10.20223141	10.20223141	113249.0391	1.509999991	6.664999962	0.500526316	0.805894737
0.952457034	10.20228481	10.20228481	113277.1016	1.710000038	6.624000073	0.500526316	0.805894737
0.952514892	10.20221043	10.20221043	113276.5234	1.480000019	6.672999859	0.500526316	0.805894737
0.952572772	10.20241261	10.20241261	113282.3516	1.669999957	6.693999767	0.500526316	0.805894737
0.952630646	10.20228386	10.20228386	113280.9063	1.649999976	6.708000183	0.500526316	0.805894737
0.952688501	10.20252228	10.20252228	113278.5781	1.440000057	6.670000076	0.500526316	0.805894737
0.952746386	10.20235157	10.20235157	113289.6172	1.450000048	6.578000069	0.500526316	0.805894737
0.952804253	10.2023716	10.2023716	113302.3203	2.180000067	6.521999836	0.500526316	0.805894737
0.952862113	10.20224667	10.20224667	113301.3125	2.410000086	6.474999905	0.500526316	0.805894737
0.952919978	10.2023325	10.2023325	113331.3359	2.190000057	6.452000141	0.500526316	0.805894737
0.952977857	10.20234203	10.20234203	113300.7578	1.779999971	6.459000111	0.500526316	0.805894737
0.953035718	10.20240879	10.20240879	113300.5938	1.559999943	6.472000122	0.500526316	0.805894737
0.953093591	10.2023201	10.2023201	113303.3203	2.079999924	6.465000153	0.500526316	0.805894737
0.953151463	10.202384	10.202384	113309.7969	1.860000014	6.434999943	0.500526316	0.805894737
0.953209347	10.20237255	10.20237255	113320.4297	1.700000048	6.448999882	0.500526316	0.805894737
0.953267196	10.20239353	10.20239353	113297.4531	1.730000019	6.453999996	0.500526316	0.805894737
0.953325076	10.20219994	10.20219994	113304.8516	2.069999933	6.400000095	0.500526316	0.805894737
0.953382946	10.20236111	10.20236111	113310.0391	1.840000033	6.416999817	0.500526316	0.805894737
0.953440815	10.20236874	10.20236874	113326.5156	1.659999967	6.434999943	0.500526316	0.805894737
0.953498679	10.20226097	10.20226097	113320.7969	1.519999981	6.426000118	0.500526316	0.805894737
0.953556562	10.20235157	10.20235157	113308.3047	1.730000019	6.40199995	0.500526316	0.805894737
0.953614429	10.20229435	10.20229435	113333.4688	1.789999962	6.403999806	0.500526316	0.805894737
0.953672399	10.20256996	10.20256996	113323.0078	1.940000057	6.371999741	0.500526316	0.805894737
0.953730288	10.20247078	10.20247078	113311.6094	1.809999943	6.387000084	0.500526316	0.805894737
0.953788139	10.20226097	10.20226097	113307.1328	2.099999905	6.396999836	0.500526316	0.805894737
0.953845906	10.20220661	10.20220661	113327.7891	1.919999957	6.399000168	0.500526316	0.805894737
0.953903885	10.20224571	10.20224571	113314.3281	1.720000029	6.37899971	0.500526316	0.805894737
0.953961769	10.20232296	10.20232296	113318.6719	2.049999952	6.328999996	0.500526316	0.805894737
0.95401962	10.20228863	10.20228863	113330.4766	3.029999971	6.318999767	0.500526316	0.805894737
0.954077486	10.20234966	10.20234966	113312.4844	2.970000029	6.329999924	0.500526316	0.805894737
0.954135366	10.20243359	10.20243359	113311.3125	2.279999971	6.315999985	0.500526316	0.805894737
0.954193227	10.20240116	10.20240116	113286.0625	1.850000024	6.274000168	0.500526316	0.805894737
0.954251099	10.20232296	10.20232296	113305.6797	1.720000029	6.304999828	0.500526316	0.805894737
0.954308973	10.20221615	10.20221615	113318.4141	1.590000033	6.304999828	0.500526316	0.805894737
0.95436684	10.20232964	10.20232964	113302.9922	2.029999971	6.321000099	0.500526316	0.805894737
0.954424716	10.20228767	10.20228767	113312.8438	3.25	6.361000061	0.500526316	0.805894737
0.954482587	10.20229626	10.20229626	113307.4609	2.720000029	6.338999748	0.500526316	0.805894737
0.954540443	10.20240116	10.20240116	113327.7656	2.710000038	6.323999882	0.500526316	0.805894737
0.954598311	10.20237446	10.20237446	113297.4844	2.210000038	6.309000015	0.500526316	0.805894737
0.954656185	10.20244026	10.20244026	113315.2656	2.400000095	6.289999962	0.500526316	0.805894737
0.954714073	10.20236588	10.20236588	113338.1797	2	6.25	0.500526316	0.805894737
0.954771928	10.20223141	10.20223141	113320.6719	1.799999952	6.255000114	0.500526316	0.805894737
0.954829797	10.20213985	10.20213985	113332.2422	1.759999991	6.263999939	0.500526316	0.805894737
0.954887661	10.20235062	10.20235062	113329.3828	1.840000033	6.303999901	0.500526316	0.805894737
0.954945544	10.2022562	10.2022562	113332.5234	2.440000057	6.305999756	0.500526316	0.805894737
0.955003416	10.20228672	10.20228672	113311.1797	2.130000114	6.309000015	0.500526316	0.805894737
0.955061222	10.20231628	10.20231628	113329.2422	1.940000057	6.284999847	0.500526316	0.805894737
0.955119089	10.20242882	10.20242882	113350.3281	1.840000033	6.294000149	0.500526316	0.805894737
0.955176954	10.20231533	10.20231533	113337.0078	1.730000019	6.271999836	0.500526316	0.805894737
0.955234918	10.20220852	10.20220852	113334.9375	1.74000001	6.241000176	0.500526316	0.805894737
0.955292675	10.20221138	10.20221138	113335.4453	1.850000024	6.369999886	0.500526316	0.805894737
0.955350648	10.2023325	10.2023325	113356.9922	1.830000043	6.367000103	0.500526316	0.805894737
0.95540842	10.20214081	10.20214081	113325.1797	1.879999995	6.309999943	0.500526316	0.805894737
0.955466291	10.20232391	10.20232391	113334.5313	1.899999976	6.274000168	0.500526316	0.805894737
0.955524156	10.20223999	10.20223999	113341.25	2.039999962	6.255000114	0.500526316	0.805894737
0.955582127	10.20239735	10.20239735	113324.4453	2.059999943	6.228000164	0.500526316	0.805894737
0.955640004	10.20241547	10.20241547	113328.4922	2.119999886	6.234000206	0.500526316	0.805894737
0.955697884	10.20229626	10.20229626	113328.7656	2.059999943	6.222000122	0.500526316	0.805894737
0.955755757	10.20221424	10.20221424	113343.8281	2.029999971	6.199999809	0.500526316	0.805894737
0.95581351	10.20234394	10.20234394	113357.1641	2.160000086	6.229000092	0.500526316	0.805894737
0.955871473	10.20236969	10.20236969	113354.0156	2.089999914	6.187999725	0.500526316	0.805894737
0.955929349	10.20226955	10.20226955	113342.0156	1.99000001	6.19299984	0.500526316	0.805894737
0.955987118	10.20222092	10.20222092	113352.9297	1.950000048	6.235000134	0.500526316	0.805894737
0.956045096	10.20243835	10.20243835	113356.5078	1.960000038	6.239999771	0.500526316	0.805894737
0.956102962	10.20240402	10.20240402	113342.3984	1.960000038	6.257999897	0.500526316	0.805894737
0.956160838	10.20236015	10.20236015	113355	1.950000048	6.232999802	0.500526316	0.805894737
0.956218697	10.20208454	10.20208454	113352.8594	1.960000038	6.206999779	0.500526316	0.805894737
0.956276567	10.20222473	10.20222473	113341.7734	2.109999895	6.234000206	0.500526316	0.805894737
0.956334445	10.20234489	10.20234489	113353.0859	2.099999905	6.197999954	0.500526316	0.805894737
0.956392307	10.20232964	10.20232964	113345.4297	2.180000067	6.183000088	0.500526316	0.805894737
0.956450189	10.20235252	10.20235252	113358.4219	2.25	6.190999985	0.500526316	0.805894737
0.95650806	10.20233345	10.20233345	113336.2891	2.190000057	6.208000183	0.500526316	0.805894737
0.956565918	10.2024231	10.2024231	113343.9766	2.160000086	6.213999748	0.500526316	0.805894737
0.956623795	10.20245075	10.20245075	113344.1953	2.210000038	6.249000073	0.500526316	0.805894737
0.956681599	10.20213318	10.20213318	113352.4453	2.200000048	6.298999786	0.500526316	0.805894737
0.956739461	10.20227909	10.20227909	113356.8984	2.210000038	6.223999977	0.500526316	0.805894737
0.956797321	10.20231915	10.20231915	113340.5391	2.74000001	6.195000172	0.500526316	0.805894737
0.956855185	10.20223236	10.20223236	113344.0234	2.529999971	6.169000149	0.500526316	0.805894737
0.956913062	10.20226765	10.20226765	113352.25	2.559999943	6.156000137	0.500526316	0.805894737
0.956970935	10.20238781	10.20238781	113341.375	2.539999962	6.131000042	0.500526316	0.805894737
0.957028796	10.20246124	10.20246124	113353.3594	2.470000029	6.109000206	0.500526316	0.805894737
0.957086666	10.20227814	10.20227814	113322.2422	2.599999905	6.120999813	0.500526316	0.805894737
0.957144536	10.20219612	10.20219612	113349.0469	2.74000001	6.119999886	0.500526316	0.805894737
0.957202409	10.20228481	10.20228481	113332.9609	2.619999886	6.079999924	0.500526316	0.805894737
0.95726029	10.20238495	10.20238495	113334.3594	2.690000057	6.092000008	0.500526316	0.805894737
0.957318149	10.20231819	10.20231819	113326.3906	2.789999962	6.085000038	0.500526316	0.805894737
0.957376008	10.20232105	10.20232105	113327.0313	2.910000086	6.072999954	0.500526316	0.805894737
0.957433892	10.20226383	10.20226383	113339.9688	2.730000019	6.077000141	0.500526316	0.805894737
0.95749176	10.20238686	10.20238686	113357.2188	2.819999933	6.138999939	0.500526316	0.805894737
0.957549625	10.2023716	10.2023716	113344.4219	2.730000019	6.111999989	0.500526316	0.805894737
0.957607494	10.20241451	10.20241451	113328.3984	2.670000076	6.157000065	0.500526316	0.805894737
0.957665483	10.20230293	10.20230293	113334.4609	2.619999886	6.18200016	0.500526316	0.805894737
0.957723344	10.20227623	10.20227623	113335.7734	2.579999924	6.190999985	0.500526316	0.805894737
0.957781111	10.20214176	10.20214176	113303.8203	2.609999895	6.165999889	0.500526316	0.805894737
0.957838983	10.202384	10.202384	113317.9063	2.690000057	6.157000065	0.500526316	0.805894737
0.957896957	10.20235729	10.20235729	113322.8672	2.690000057	6.161999703	0.500526316	0.805894737
0.957954714	10.20232296	10.20232296	113335.5391	2.759999991	6.146999836	0.500526316	0.805894737
0.958012589	10.20255852	10.20255852	113318.5547	2.730000019	6.125	0.500526316	0.805894737
0.958070451	10.20233345	10.20233345	113320.8984	2.710000038	6.086999893	0.500526316	0.805894737
0.958128437	10.20226955	10.20226955	113329.6875	2.690000057	6.087999821	0.500526316	0.805894737
0.958186302	10.20239735	10.20239735	113309.4688	2.700000048	6.081999779	0.500526316	0.805894737
0.958244074	10.20224953	10.20224953	113335.4922	2.710000038	6.081999779	0.500526316	0.805894737
0.958302056	10.20228767	10.20228767	113294.7813	2.720000029	6.111000061	0.500526316	0.805894737
0.95835992	10.20222569	10.20222569	113320.4766	2.759999991	6.105999947	0.500526316	0.805894737
0.958417679	10.20232105	10.20232105	113301.0469	2.920000076	6.087999821	0.500526316	0.805894737
0.958475653	10.20252705	10.20252705	113310.0469	2.889999867	6.083000183	0.500526316	0.805894737
0.958533526	10.20237446	10.20237446	113311.7266	2.859999895	6.090000153	0.500526316	0.805894737
0.958591398	10.20231628	10.20231628	113316.625	2.859999895	6.100999832	0.500526316	0.805894737
0.95864926	10.20234966	10.20234966	113303.1484	2.910000086	6.130000114	0.500526316	0.805894737
0.958707132	10.20244503	10.20244503	113322.5781	3.109999895	6.117000103	0.500526316	0.805894737
0.958764996	10.20234108	10.20234108	113309.0234	3.160000086	6.068999767	0.500526316	0.805894737
0.95882285	10.20235538	10.20235538	113315.4063	3.099999905	6.021999836	0.500526316	0.805894737
0.958880742	10.20234013	10.20234013	113330.4219	3.299999952	6.041999817	0.500526316	0.805894737
0.958938567	10.20247555	10.20247555	113311.3047	3.389999867	6.086999893	0.500526316	0.805894737
0.958996416	10.20236969	10.20236969	113317.5469	3.25	6.105000019	0.500526316	0.805894737
0.959054308	10.20243168	10.20243168	113325.875	3.139999867	6.112999916	0.500526316	0.805894737
0.959112164	10.20235538	10.20235538	113293	3.150000095	6.25399971	0.500526316	0.805894737
0.959170029	10.20230484	10.20230484	113313.875	3.139999867	6.151000023	0.500526316	0.805894737
0.959227917	10.2023201	10.2023201	113296.8203	3.130000114	6.098999977	0.500526316	0.805894737
0.959285769	10.20232296	10.20232296	113300.5938	3.130000114	6.078999996	0.500526316	0.805894737
0.959343648	10.20227337	10.20227337	113284.1328	3.200000048	6.078999996	0.500526316	0.805894737
0.959401508	10.20244026	10.20244026	113255.0469	3.200000048	6.085999966	0.500526316	0.805894737
0.959459404	10.20236015	10.20236015	113280.2031	3.200000048	6.06400013	0.500526316	0.805894737
0.959517264	10.20235062	10.20235062	113265.6016	3.200000048	6.085999966	0.500526316	0.805894737
0.959575129	10.20231152	10.20231152	113266.9844	3.200000048	6.068999767	0.500526316	0.805894737
0.959632994	10.20237637	10.20237637	113268.1875	3.230000019	6.055999756	0.500526316	0.805894737
0.959690867	10.20224857	10.20224857	113259.4375	3.220000029	6.014999867	0.500526316	0.805894737
0.959748724	10.20235157	10.20235157	113274.5313	3.25	6.014999867	0.500526316	0.805894737
0.959806592	10.20240498	10.20240498	113262.6094	3.279999971	5.993000031	0.500526316	0.805894737
0.959864472	10.20234776	10.20234776	113249.4375	3.299999952	6.041999817	0.500526316	0.805894737
0.959922348	10.20244694	10.20244694	113266.3047	3.319999933	6.081999779	0.500526316	0.805894737
0.9599802	10.20247364	10.20247364	113266.7891	3.420000076	6.084000111	0.500526316	0.805894737
0.960038071	10.20227337	10.20227337	113278.0469	3.450000048	6.114999771	0.500526316	0.805894737
0.96009594	10.2022686	10.2022686	113256.1563	3.839999914	6.09100008	0.500526316	0.805894737
0.960153947	10.20242023	10.20242023	113277.0156	3.99000001	6.112999916	0.500526316	0.805894737
0.960211763	10.20229721	10.20229721	113253.4531	4.730000019	6.079999924	0.500526316	0.805894737
0.960269623	10.20239735	10.20239735	113261.7344	4.199999809	6.062999725	0.500526316	0.805894737
0.960327438	10.20234299	10.20234299	113265.7969	5.029999733	6.025000095	0.500526316	0.805894737
0.960385303	10.20250702	10.20250702	113269.9453	4.75	6.00699997	0.500526316	0.805894737
0.960443172	10.20242214	10.20242214	113258.9219	4.760000229	6.031000137	0.500526316	0.805894737
0.960501034	10.20229721	10.20229721	113258.6797	4.329999924	6.048999786	0.500526316	0.805894737
0.960558907	10.20228863	10.20228863	113257.4063	4.179999828	6.05700016	0.500526316	0.805894737
0.960616783	10.20232487	10.20232487	113263.0156	3.940000057	6.085999966	0.500526316	0.805894737
0.960674652	10.20232582	10.20232582	113268.0469	3.779999971	6.114999771	0.500526316	0.805894737
0.960732513	10.20229435	10.20229435	113256.7266	3.759999991	6.104000092	0.500526316	0.805894737
0.960790388	10.20239162	10.20239162	113249.9063	4.260000229	6.138000011	0.500526316	0.805894737
0.960848264	10.20242596	10.20242596	113246.5938	4.119999886	6.105000019	0.500526316	0.805894737
0.960906127	10.20237923	10.20237923	113232.3984	4	6.085000038	0.500526316	0.805894737
0.960963996	10.20245457	10.20245457	113241.0391	3.980000019	6.081999779	0.500526316	0.805894737
0.961021863	10.20220852	10.20220852	113248.5	4.130000114	6.113999844	0.500526316	0.805894737
0.961079748	10.20233822	10.20233822	113224.3984	4.029999733	6.153999806	0.500526316	0.805894737
0.96113761	10.20230865	10.20230865	113228.2891	4.079999924	6.198999882	0.500526316	0.805894737
0.961195487	10.20230675	10.20230675	113226.3203	3.910000086	6.213999748	0.500526316	0.805894737
0.961253346	10.20232296	10.20232296	113236.1094	3.920000076	6.205999851	0.500526316	0.805894737
0.961311216	10.20249748	10.20249748	113226.0391	3.920000076	6.18599987	0.500526316	0.805894737
0.961369216	10.20234776	10.20234776	113221.4375	4.760000229	6.168000221	0.500526316	0.805894737
0.961426951	10.20251083	10.20251083	113237.8672	4.670000076	6.149000168	0.500526316	0.805894737
0.961484863	10.2022438	10.2022438	113211.7578	4.880000114	6.138000011	0.500526316	0.805894737
0.961542738	10.20233345	10.20233345	113236.5469	4.599999905	6.109000206	0.500526316	0.805894737
0.96160065	10.20228386	10.20228386	113206.3281	4.460000038	6.106999874	0.500526316	0.805894737
0.961658512	10.20232201	10.20232201	113198.6797	5.139999867	6.048999786	0.500526316	0.805894737
0.961716379	10.20235157	10.20235157	113203.6953	4.670000076	6.031000137	0.500526316	0.805894737
0.961774244	10.20240307	10.20240307	113203.6328	4.539999962	6.050000191	0.500526316	0.805894737
0.961832114	10.20246887	10.20246887	113220.7813	4.340000153	6.002999783	0.500526316	0.805894737
0.961889989	10.2023201	10.2023201	113196.5625	4.369999886	6	0.500526316	0.805894737
0.961947869	10.20222378	10.20222378	113191.0078	4.239999771	5.993999958	0.500526316	0.805894737
0.962005725	10.20222282	10.20222282	113192.1406	4.230000019	5.991000176	0.500526316	0.805894737
0.9620636	10.20226765	10.20226765	113166.9531	4.190000057	6.011000156	0.500526316	0.805894737
0.962121479	10.20226192	10.20226192	113179.5	4.679999828	6	0.500526316	0.805894737
0.962179326	10.202384	10.202384	113161.9844	4.529999733	6.03399992	0.500526316	0.805894737
0.962237211	10.20226192	10.20226192	113169.3672	4.590000153	6.035999775	0.500526316	0.805894737
0.962295079	10.20236588	10.20236588	113136.7578	4.989999771	6.040999889	0.500526316	0.805894737
0.962352949	10.20241928	10.20241928	113150.6953	4.659999847	6.059999943	0.500526316	0.805894737
0.962410826	10.20224857	10.20224857	113167.7734	4.369999886	6.065999985	0.500526316	0.805894737
0.962468674	10.20215416	10.20215416	113166.1641	4.230000019	6.052000046	0.500526316	0.805894737
0.962526559	10.20234108	10.20234108	113154.1094	4.210000038	6.035999775	0.500526316	0.805894737
0.962584417	10.20225811	10.20225811	113145	4.21999979	6.032000065	0.500526316	0.805894737
0.962642295	10.20226765	10.20226765	113137.4375	4.179999828	6.05700016	0.500526316	0.805894737
0.962700171	10.20226669	10.20226669	113143.0078	4.510000229	6.066999912	0.500526316	0.805894737
0.962758029	10.20242882	10.20242882	113138.5625	4.639999867	6.086999893	0.500526316	0.805894737
0.962815897	10.20229435	10.20229435	113135.8125	4.46999979	6.083000183	0.500526316	0.805894737
0.962873779	10.20228672	10.20228672	113126.6797	4.309999943	6.09100008	0.500526316	0.805894737
0.962931647	10.20211887	10.20211887	113105.1016	4.25	6.076000214	0.500526316	0.805894737
0.962989503	10.20231533	10.20231533	113117.3594	4.559999943	6.068999767	0.500526316	0.805894737
0.96304739	10.20233154	10.20233154	113114.3047	4.820000172	6.05700016	0.500526316	0.805894737
0.963105212	10.20231724	10.20231724	113116.6328	4.670000076	6.072999954	0.500526316	0.805894737
0.963163183	10.20223141	10.20223141	113116.0547	4.900000095	6.076000214	0.500526316	0.805894737
0.963220957	10.20246124	10.20246124	113122.0703	5.349999905	6.139999867	0.500526316	0.805894737
0.963278831	10.20241356	10.20241356	113101.0313	5.079999924	6.105999947	0.500526316	0.805894737
0.963336695	10.20243645	10.20243645	113105.6563	5.279999733	6.090000153	0.500526316	0.805894737
0.963394577	10.20235538	10.20235538	113117.9922	4.989999771	6.054999828	0.500526316	0.805894737
0.963452431	10.20236111	10.20236111	113108.7188	4.679999828	6.039999962	0.500526316	0.805894737
0.963510299	10.20240498	10.20240498	113114.6875	4.510000229	6.027999878	0.500526316	0.805894737
0.963568173	10.20227337	10.20227337	113075.0625	4.389999867	6.02699995	0.500526316	0.805894737
0.963626052	10.20235252	10.20235252	113083.0703	4.369999886	6.029999733	0.500526316	0.805894737
0.963683919	10.20243263	10.20243263	113064.2422	4.570000172	6.055999756	0.500526316	0.805894737
0.963741781	10.20255852	10.20255852	113077.0703	4.610000134	6.020999908	0.500526316	0.805894737
0.963799647	10.20241451	10.20241451	113080.875	4.5	6.03399992	0.500526316	0.805894737
0.963857627	10.20216751	10.20216751	113070.5703	4.420000076	6.050000191	0.500526316	0.805894737
0.9639155	10.20232105	10.20232105	113077.1797	4.900000095	6.062999725	0.500526316	0.805894737
0.963973259	10.20241737	10.20241737	113070.9141	5.090000153	6.055999756	0.500526316	0.805894737
0.964031258	10.20241737	10.20241737	113075.8047	4.849999905	6.047999859	0.500526316	0.805894737
0.964089116	10.20246029	10.20246029	113058.7813	4.789999962	6.039000034	0.500526316	0.805894737
0.964146869	10.2023077	10.2023077	113062.2813	4.71999979	6.00399971	0.500526316	0.805894737
0.964204844	10.20244694	10.20244694	113066.1719	4.570000172	5.999000073	0.500526316	0.805894737
0.964262717	10.20234394	10.20234394	113051.7109	4.529999733	5.993999958	0.500526316	0.805894737
0.964320592	10.20238113	10.20238113	113067.1875	4.480000019	5.991000176	0.500526316	0.805894737
0.964378463	10.20218563	10.20218563	113062.9609	4.480000019	6.025000095	0.500526316	0.805894737
0.964436229	10.20244694	10.20244694	113060.0938	4.460000038	6.100999832	0.500526316	0.805894737
0.964494194	10.20232201	10.20232201	113054.4375	4.550000191	6.076000214	0.500526316	0.805894737
0.964552063	10.20234394	10.20234394	113032.5469	4.800000191	6.072000027	0.500526316	0.805894737
0.964609859	10.20234966	10.20234966	113036.75	4.710000038	6.090000153	0.500526316	0.805894737
0.964667853	10.20246124	10.20246124	113029.1953	5.71999979	6.102000237	0.500526316	0.805894737
0.964725682	10.20244408	10.20244408	113044.6641	5.429999828	6.099999905	0.500526316	0.805894737
0.964783565	10.20234013	10.20234013	113025.7422	5.079999924	6.072999954	0.500526316	0.805894737
0.964841441	10.20222473	10.20222473	113026.9375	4.869999886	6.052000046	0.500526316	0.805894737
0.964899283	10.2023716	10.2023716	113026.9375	5.010000229	6.032999992	0.500526316	0.805894737
0.964957167	10.20229816	10.20229816	113025.2031	4.779999733	6.011000156	0.500526316	0.805894737
0.965015035	10.20240879	10.20240879	113013.2656	5.760000229	5.992000103	0.500526316	0.805894737
0.965072816	10.20230007	10.20230007	113025.5781	5.340000153	5.947999954	0.500526316	0.805894737
0.965130692	10.20235825	10.20235825	113022.0703	6.159999847	5.953000069	0.500526316	0.805894737
0.965188646	10.20243549	10.20243549	113010.4219	6.239999771	5.930999756	0.500526316	0.805894737
0.9652465	10.20238876	10.20238876	113019.3203	6	5.951000214	0.500526316	0.805894737
0.965304385	10.20220184	10.20220184	113013.6172	6.239999771	5.962999821	0.500526316	0.805894737
0.965362255	10.20241165	10.20241165	113003.4922	6.289999962	6.02699995	0.500526316	0.805894737
0.965420125	10.20237255	10.20237255	112991.6484	5.630000114	6.046999931	0.500526316	0.805894737
0.965477975	10.20238209	10.20238209	112997.2344	5.25	6.005000114	0.500526316	0.805894737
0.965535847	10.20218182	10.20218182	112994.5625	5.460000038	5.980999947	0.500526316	0.805894737
0.965593726	10.20229054	10.20229054	112972.7969	5.050000191	5.93900013	0.500526316	0.805894737
0.965651587	10.20251656	10.20251656	112964.1172	4.989999771	5.934000015	0.500526316	0.805894737
0.965709458	10.20242786	10.20242786	112978.8438	4.809999943	5.959000111	0.500526316	0.805894737
0.965767326	10.20225811	10.20225811	112975.4297	5.360000134	6.353000164	0.500526316	0.805894737
0.965825199	10.20227623	10.20227623	112986.7031	5.050000191	6.265999794	0.500526316	0.805894737
0.965883063	10.20231819	10.20231819	112972.0625	4.849999905	6.183000088	0.500526316	0.805894737
0.965940951	10.20233154	10.20233154	112982.6172	4.75	6.143000126	0.500526316	0.805894737
0.965998804	10.20238209	10.20238209	112976.2109	4.849999905	6.085999966	0.500526316	0.805894737
0.966056685	10.20230198	10.20230198	112967.6094	5.190000057	6.046999931	0.500526316	0.805894737
0.966114506	10.20251942	10.20251942	113004.7188	5.210000038	6.080999851	0.500526316	0.805894737
0.966172394	10.20246506	10.20246506	113001.1094	5.420000076	6.085000038	0.500526316	0.805894737
0.966230267	10.20237446	10.20237446	113004.6016	5.230000019	6.066999912	0.500526316	0.805894737
0.966288117	10.20221424	10.20221424	112993.1484	5.599999905	6.034999847	0.500526316	0.805894737
0.966346007	10.20239067	10.20239067	112988.4844	5.260000229	6.000999928	0.500526316	0.805894737
0.966403871	10.20233154	10.20233154	113013.1484	6.059999943	5.963999748	0.500526316	0.805894737
0.966461727	10.20233727	10.20233727	113005.0859	5.639999867	5.929999828	0.500526316	0.805894737
0.96651961	10.20237637	10.20237637	113035.9609	5.800000191	5.936999798	0.500526316	0.805894737
0.966577485	10.20249176	10.20249176	113033.3594	5.400000095	5.949999809	0.500526316	0.805894737
0.966635336	10.20237827	10.20237827	113050.75	5.579999924	5.961999893	0.500526316	0.805894737
0.966693218	10.20240307	10.20240307	113050.7813	5.909999847	5.988999844	0.500526316	0.805894737
0.966751094	10.20224953	10.20224953	113056.3672	5.900000095	6	0.500526316	0.805894737
0.966808958	10.20234013	10.20234013	113072.6719	6.21999979	6.02699995	0.500526316	0.805894737
0.966866822	10.20231056	10.20231056	113087.1641	5.860000134	6.014999867	0.500526316	0.805894737
0.966924688	10.20234299	10.20234299	113074.3984	5.579999924	6.019000053	0.500526316	0.805894737
0.966982566	10.20229435	10.20229435	113081.8594	5.369999886	6.026000023	0.500526316	0.805894737
0.967040428	10.2024765	10.2024765	113092.2344	5.119999886	6.029999733	0.500526316	0.805894737
0.967098314	10.20251179	10.20251179	113098.7031	5.039999962	6.027999878	0.500526316	0.805894737
0.967156183	10.20246983	10.20246983	113113.7031	5.170000076	6.005000114	0.500526316	0.805894737
0.967214052	10.20226383	10.20226383	113091.5391	5.300000191	6.015999794	0.500526316	0.805894737
0.967271909	10.2022543	10.2022543	113097.8125	5.769999981	6.019000053	0.500526316	0.805894737
0.967329778	10.20234299	10.20234299	113104.0156	5.929999828	5.991000176	0.500526316	0.805894737
0.967387637	10.20227623	10.20227623	113129.6484	5.829999924	5.968999863	0.500526316	0.805894737
0.967445519	10.20231724	10.20231724	113131.7266	5.449999809	5.980000019	0.500526316	0.805894737
0.96750338	10.20244312	10.20244312	113131.9453	5.529999733	5.989999771	0.500526316	0.805894737
0.967561258	10.20242691	10.20242691	113134.8594	5.269999981	5.995999813	0.500526316	0.805894737
0.967619128	10.20233345	10.20233345	113140.2109	5.059999943	5.962999821	0.500526316	0.805894737
0.967677025	10.20226192	10.20226192	113155.1875	4.960000038	5.96600008	0.500526316	0.805894737
0.967734881	10.2022562	10.2022562	113165.2578	4.920000076	5.968999863	0.500526316	0.805894737
0.967792778	10.20234108	10.20234108	113152.0781	4.849999905	6	0.500526316	0.805894737
0.96785065	10.20227051	10.20227051	113178.7891	4.900000095	5.984000206	0.500526316	0.805894737
0.967908501	10.20236588	10.20236588	113172.0156	4.929999828	5.996999741	0.500526316	0.805894737
0.967966367	10.20235062	10.20235062	113177.7578	4.929999828	5.977000237	0.500526316	0.805894737
0.968024255	10.20246315	10.20246315	113195.9922	5.369999886	5.962999821	0.500526316	0.805894737
0.968082129	10.20230865	10.20230865	113218.75	5.199999809	5.961999893	0.500526316	0.805894737
0.968140011	10.20231056	10.20231056	113218.2813	5.190000057	5.956999779	0.500526316	0.805894737
0.968197872	10.20219612	10.20219612	113217.3047	5.239999771	5.954999924	0.500526316	0.805894737
0.968255731	10.20236111	10.20236111	113227.2656	5.760000229	5.97300005	0.500526316	0.805894737
0.968313604	10.20225525	10.20225525	113212.1484	5.489999771	5.956999779	0.500526316	0.805894737
0.968371475	10.20232964	10.20232964	113235.8828	5.239999771	5.977000237	0.500526316	0.805894737
0.96842935	10.20225143	10.20225143	113245.0391	5.619999886	5.980999947	0.500526316	0.805894737
0.968487227	10.20241261	10.20241261	113234.2969	5.510000229	5.989999771	0.500526316	0.805894737
0.968545093	10.20238209	10.20238209	113237.7891	5.340000153	6.031000137	0.500526316	0.805894737
0.968602966	10.2024231	10.2024231	113241	5.210000038	6.039000034	0.500526316	0.805894737
0.968660813	10.20228577	10.20228577	113243.1875	5.320000172	6.074999809	0.500526316	0.805894737
0.9687187	10.20235443	10.20235443	113248.6797	5.210000038	6.087999821	0.500526316	0.805894737
0.968776556	10.20237541	10.20237541	113256.9844	5.559999943	6.047999859	0.500526316	0.805894737
0.968834434	10.20233059	10.20233059	113261.4844	5.96999979	6.03399992	0.500526316	0.805894737
0.968892296	10.20227146	10.20227146	113272.2109	5.949999809	6.028999806	0.500526316	0.805894737
0.968950169	10.20236588	10.20236588	113262.8281	5.809999943	5.995999813	0.500526316	0.805894737
0.969008038	10.20236588	10.20236588	113299.7188	5.46999979	6.006000042	0.500526316	0.805894737
0.969065917	10.20230961	10.20230961	113277.3594	5.289999962	5.97300005	0.500526316	0.805894737
0.969123774	10.2021904	10.2021904	113293.4453	5.190000057	5.958000183	0.500526316	0.805894737
0.969181661	10.20239735	10.20239735	113301.0859	5.099999905	5.948999882	0.500526316	0.805894737
0.969239513	10.20234966	10.20234966	113288.6406	5.059999943	5.941999912	0.500526316	0.805894737
0.969297399	10.20229435	10.20229435	113299.8672	5.079999924	5.965000153	0.500526316	0.805894737
0.969355253	10.20241547	10.20241547	113309.2578	5.059999943	6.002999783	0.500526316	0.805894737
0.969413137	10.20228004	10.20228004	113299.2891	5.070000172	5.984000206	0.500526316	0.805894737
0.969471011	10.20248795	10.20248795	113299.4375	5.099999905	5.972000122	0.500526316	0.805894737
0.969528858	10.20230007	10.20230007	113290.2734	5.079999924	5.956999779	0.500526316	0.805894737
0.969586737	10.20214558	10.20214558	113300.5547	5.090000153	5.956999779	0.500526316	0.805894737
0.969644688	10.20232296	10.20232296	113294.4609	5.110000134	5.955999851	0.500526316	0.805894737
0.969702556	10.20228386	10.20228386	113287.4453	5.079999924	5.929999828	0.500526316	0.805894737
0.96976034	10.20228291	10.20228291	113307.4531	5.559999943	5.933000088	0.500526316	0.805894737
0.969818214	10.2022953	10.2022953	113298.2422	5.420000076	5.928999901	0.500526316	0.805894737
0.969876173	10.20219803	10.20219803	113286.4141	5.650000095	5.934000015	0.500526316	0.805894737
0.969934038	10.20241833	10.20241833	113326.7266	5.460000038	5.926000118	0.500526316	0.805894737
0.969991859	10.20244789	10.20244789	113322.8828	5.400000095	5.93200016	0.500526316	0.805894737
0.970049728	10.20232582	10.20232582	113313.9453	5.300000191	5.948999882	0.500526316	0.805894737
0.970107632	10.20218754	10.20218754	113330.0078	5.25	5.954999924	0.500526316	0.805894737
0.970165512	10.20234203	10.20234203	113328.0234	5.179999828	5.937999725	0.500526316	0.805894737
0.970223331	10.20230865	10.20230865	113324.9609	6.029999733	5.959000111	0.500526316	0.805894737
0.970281194	10.20230484	10.20230484	113324.9219	5.71999979	5.943999767	0.500526316	0.805894737
0.97033908	10.20223618	10.20223618	113337.1563	5.550000191	5.936999798	0.500526316	0.805894737
0.970396935	10.20238304	10.20238304	113339.1406	5.380000114	5.947000027	0.500526316	0.805894737
0.970454819	10.20237446	10.20237446	113330.4375	5.429999828	5.962999821	0.500526316	0.805894737
0.970512695	10.20236969	10.20236969	113356.1094	5.510000229	5.961999893	0.500526316	0.805894737
0.970570555	10.20228291	10.20228291	113366.7734	5.429999828	5.986999989	0.500526316	0.805894737
0.97062843	10.20227528	10.20227528	113369.6797	5.670000076	6.031000137	0.500526316	0.805894737
0.970686314	10.20233822	10.20233822	113333.3359	5.96999979	6.022999764	0.500526316	0.805894737
0.970744172	10.20237923	10.20237923	113348.7188	5.630000114	6.029999733	0.500526316	0.805894737
0.970802052	10.20234871	10.20234871	113356.8359	5.860000134	6.019999981	0.500526316	0.805894737
0.970859918	10.20231152	10.20231152	113336.9141	5.529999733	6	0.500526316	0.805894737
0.970917795	10.20241737	10.20241737	113364.4141	5.349999905	5.980999947	0.500526316	0.805894737
0.97097566	10.20233727	10.20233727	113349.8359	5.260000229	5.953000069	0.500526316	0.805894737
0.971033529	10.20225048	10.20225048	113367.4766	5.210000038	5.936999798	0.500526316	0.805894737
0.971091397	10.20230389	10.20230389	113357.4453	5.190000057	5.920000076	0.500526316	0.805894737
0.971149264	10.20230007	10.20230007	113361.3984	5.159999847	5.952000141	0.500526316	0.805894737
0.971207141	10.20225525	10.20225525	113352.3516	5.119999886	5.963999748	0.500526316	0.805894737
0.971265009	10.20237637	10.20237637	113350.1953	5.119999886	5.984000206	0.500526316	0.805894737
0.971322867	10.20231056	10.20231056	113359.2109	5.150000095	5.97300005	0.500526316	0.805894737
0.971380743	10.20248127	10.20248127	113346.0156	5.199999809	5.982999802	0.500526316	0.805894737
0.97143862	10.20236206	10.20236206	113336.6797	5.170000076	5.984000206	0.500526316	0.805894737
0.971496477	10.20223713	10.20223713	113352.75	5.170000076	5.987999916	0.500526316	0.805894737
0.97155435	10.20227337	10.20227337	113334.8359	5.170000076	5.941999912	0.500526316	0.805894737
0.971612219	10.2022295	10.2022295	113325.2031	5.269999981	5.949999809	0.500526316	0.805894737
0.971670101	10.20232391	10.20232391	113344.75	5.239999771	5.952000141	0.500526316	0.805894737
0.971727959	10.20226765	10.20226765	113339.3438	5.340000153	5.952000141	0.500526316	0.805894737
0.971785817	10.20218182	10.20218182	113337.5469	5.75	5.922999859	0.500526316	0.805894737
0.971843706	10.20244122	10.20244122	113337.9297	6.260000229	5.920000076	0.500526316	0.805894737
0.971901565	10.20231247	10.20231247	113329.2109	5.980000019	5.915999889	0.500526316	0.805894737
0.971959428	10.20235062	10.20235062	113311.2891	5.679999828	5.907999992	0.500526316	0.805894737
0.9720173	10.20223045	10.20223045	113337.2344	5.510000229	5.925000191	0.500526316	0.805894737
0.972075175	10.20228004	10.20228004	113313.9297	6.809999943	5.919000149	0.500526316	0.805894737
0.972133048	10.20233059	10.20233059	113330.9844	6.769999981	5.93599987	0.500526316	0.805894737
0.972190907	10.20234776	10.20234776	113326.0938	6.159999847	5.947000027	0.500526316	0.805894737
0.972248784	10.20240307	10.20240307	113312.4922	5.829999924	5.940999985	0.500526316	0.805894737
0.972306658	10.20233536	10.20233536	113316.4531	5.650000095	5.927000046	0.500526316	0.805894737
0.972364524	10.20230293	10.20230293	113306.4609	5.650000095	5.922999859	0.500526316	0.805894737
0.972422401	10.20240116	10.20240116	113323.4375	5.510000229	5.952000141	0.500526316	0.805894737
0.972480272	10.20222855	10.20222855	113318	5.429999828	5.947999954	0.500526316	0.805894737
0.972538131	10.20226574	10.20226574	113335.4531	5.559999943	5.948999882	0.500526316	0.805894737
0.972596005	10.20217514	10.20217514	113322.0938	5.829999924	5.959000111	0.500526316	0.805894737
0.972653862	10.20236778	10.20236778	113324.8516	6.269999981	5.933000088	0.500526316	0.805894737
0.972711728	10.20237637	10.20237637	113336.3047	5.929999828	5.96999979	0.500526316	0.805894737
0.972769601	10.20239449	10.20239449	113305.5703	5.920000076	5.952000141	0.500526316	0.805894737
0.972827471	10.20249748	10.20249748	113320.5547	5.980000019	6.072000027	0.500526316	0.805894737
0.972885356	10.2023201	10.2023201	113311.1484	5.820000172	6.43200016	0.500526316	0.805894737
0.972943214	10.20226765	10.20226765	113307.5547	5.71999979	6.260000229	0.500526316	0.805894737
0.973001085	10.20233059	10.20233059	113321.6953	5.659999847	6.147999764	0.500526316	0.805894737
0.973058951	10.20231724	10.20231724	113331.9063	5.829999924	6.046000004	0.500526316	0.805894737
0.973116837	10.20234203	10.20234203	113338.6953	5.710000038	5.978000164	0.500526316	0.805894737
0.973174704	10.20238686	10.20238686	113317.9688	6.079999924	5.953000069	0.500526316	0.805894737
0.973232575	10.20226574	10.20226574	113323.4531	5.820000172	5.934999943	0.500526316	0.805894737
0.973290437	10.20248032	10.20248032	113324.1172	5.779999733	5.94299984	0.500526316	0.805894737
0.97334838	10.20234871	10.20234871	113320.0781	5.75	5.954999924	0.500526316	0.805894737
0.973406246	10.20228195	10.20228195	113318.9297	6.059999943	5.970999718	0.500526316	0.805894737
0.973464162	10.20224667	10.20224667	113310.9922	6.559999943	5.985000134	0.500526316	0.805894737
0.973522011	10.20236874	10.20236874	113321.3594	6.199999809	5.977000237	0.500526316	0.805894737
0.973579822	10.20225906	10.20225906	113297.125	6.579999924	5.960999966	0.500526316	0.805894737
0.973637694	10.20225239	10.20225239	113321.3203	6.75	5.953999996	0.500526316	0.805894737
0.973695542	10.20214844	10.20214844	113300.6797	6.480000019	5.922999859	0.500526316	0.805894737
0.973753413	10.20253754	10.20253754	113314.8047	6.369999886	5.910999775	0.500526316	0.805894737
0.973811313	10.2023859	10.2023859	113315.6641	6.029999733	5.907000065	0.500526316	0.805894737
0.973869194	10.20234013	10.20234013	113318.0234	5.829999924	5.926000118	0.500526316	0.805894737
0.973927081	10.20215321	10.20215321	113329.3359	5.679999828	5.916999817	0.500526316	0.805894737
0.973984959	10.20230198	10.20230198	113296.1953	5.570000172	5.903999806	0.500526316	0.805894737
0.974042846	10.20237064	10.20237064	113325.9609	5.480000019	5.93200016	0.500526316	0.805894737
0.974100706	10.20232677	10.20232677	113304	5.46999979	5.93200016	0.500526316	0.805894737
0.974158571	10.20233727	10.20233727	113299.8359	5.480000019	5.949999809	0.500526316	0.805894737
0.974216451	10.20244694	10.20244694	113312.3828	5.739999771	5.93599987	0.500526316	0.805894737
0.974274304	10.20243931	10.20243931	113310.6719	6.480000019	5.93200016	0.500526316	0.805894737
0.974332161	10.20232677	10.20232677	113320.9141	6.260000229	5.929999828	0.500526316	0.805894737
0.974389988	10.2022295	10.2022295	113300.1172	5.989999771	5.927000046	0.500526316	0.805894737
0.974447841	10.20221329	10.20221329	113301.375	5.829999924	5.940999985	0.500526316	0.805894737
0.974505707	10.2022028	10.2022028	113280.9844	6.300000191	6.025000095	0.500526316	0.805894737
0.974563582	10.20238304	10.20238304	113269.5234	6	6.006000042	0.500526316	0.805894737
0.974621468	10.20235157	10.20235157	113290.0469	6.179999828	5.993999958	0.500526316	0.805894737
0.974679325	10.20234108	10.20234108	113275.625	5.96999979	5.967999935	0.500526316	0.805894737
0.974737204	10.20241928	10.20241928	113270.0156	5.900000095	5.968999863	0.500526316	0.805894737
0.974795069	10.20242691	10.20242691	113240.8828	5.840000153	5.994999886	0.500526316	0.805894737
0.974852932	10.20222759	10.20222759	113281.9297	5.760000229	5.991000176	0.500526316	0.805894737
0.974910923	10.20241356	10.20241356	113270.8359	5.690000057	5.978000164	0.500526316	0.805894737
0.974968669	10.20234585	10.20234585	113276.2109	5.659999847	5.980999947	0.500526316	0.805894737
0.975026672	10.20230579	10.20230579	113270.5469	5.639999867	5.993999958	0.500526316	0.805894737
0.975084519	10.20228004	10.20228004	113267.75	5.599999905	6.019000053	0.500526316	0.805894737
0.975142294	10.20236206	10.20236206	113283.4531	5.639999867	6.027999878	0.500526316	0.805894737
0.975200151	10.20242214	10.20242214	113256.5078	5.639999867	6.013999939	0.500526316	0.805894737
0.975258131	10.20247936	10.20247936	113260.5859	5.779999733	5.991000176	0.500526316	0.805894737
0.975316004	10.20228195	10.20228195	113241.9141	5.920000076	5.985000134	0.500526316	0.805894737
0.975373873	10.20217419	10.20217419	113255.375	6.630000114	5.963999748	0.500526316	0.805894737
0.975431743	10.20228672	10.20228672	113259.6641	6.789999962	5.967000008	0.500526316	0.805894737
0.975489618	10.20235825	10.20235825	113249.8047	6.730000019	5.982999802	0.500526316	0.805894737
0.975547377	10.20235252	10.20235252	113244.125	6.829999924	5.999000073	0.500526316	0.805894737
0.975605349	10.20226002	10.20226002	113249.0234	6.590000153	6.001999855	0.500526316	0.805894737
0.975663232	10.20254135	10.20254135	113237.1563	6.389999867	6.005000114	0.500526316	0.805894737
0.975720987	10.2022953	10.2022953	113253.7969	6.409999847	6.019999981	0.500526316	0.805894737
0.975778967	10.20237446	10.20237446	113262.5703	6.139999867	6.019999981	0.500526316	0.805894737
0.975836838	10.20223141	10.20223141	113263	5.960000038	6.00399971	0.500526316	0.805894737
0.975894695	10.20228863	10.20228863	113238.8906	5.900000095	5.991000176	0.500526316	0.805894737
0.975952578	10.20228195	10.20228195	113254.2344	6.279999733	6.002999783	0.500526316	0.805894737
0.976010432	10.20232964	10.20232964	113249.9609	6.320000172	5.958000183	0.500526316	0.805894737
0.976068316	10.20234394	10.20234394	113241.4688	6.279999733	5.96999979	0.500526316	0.805894737
0.976126189	10.20241737	10.20241737	113231.6016	6.340000153	5.954999924	0.500526316	0.805894737
0.976184057	10.20239258	10.20239258	113234.9063	6.730000019	5.93900013	0.500526316	0.805894737
0.976241927	10.20241451	10.20241451	113229.8516	6.880000114	5.929999828	0.500526316	0.805894737
0.976299795	10.20226955	10.20226955	113226.0234	6.420000076	5.918000221	0.500526316	0.805894737
0.976357669	10.20228672	10.20228672	113219.5234	6.119999886	5.913000107	0.500526316	0.805894737
0.976415529	10.20237446	10.20237446	113211.7813	6	5.904999733	0.500526316	0.805894737
0.976473324	10.2023201	10.2023201	113231.6016	5.989999771	5.946000099	0.500526316	0.805894737
0.976531185	10.20225334	10.20225334	113216.2969	5.840000153	5.967000008	0.500526316	0.805894737
0.97658909	10.20230007	10.20230007	113219.4766	5.760000229	5.934999943	0.500526316	0.805894737
0.976646963	10.20240879	10.20240879	113225.8516	5.760000229	5.93200016	0.500526316	0.805894737
0.97670484	10.20239735	10.20239735	113225.7188	5.670000076	5.921999931	0.500526316	0.805894737
0.97676271	10.20215321	10.20215321	113225.1641	5.650000095	5.921000004	0.500526316	0.805894737
0.976820583	10.20237064	10.20237064	113225.6172	5.670000076	5.921000004	0.500526316	0.805894737
0.976878505	10.20228863	10.20228863	113209.0938	5.610000134	5.900000095	0.500526316	0.805894737
0.976936271	10.20230198	10.20230198	113211.8203	5.579999924	5.941999912	0.500526316	0.805894737
0.976994241	10.20237446	10.20237446	113210	5.559999943	5.951000214	0.500526316	0.805894737
0.97705201	10.20234394	10.20234394	113219.3906	5.619999886	5.940000057	0.500526316	0.805894737
0.977109982	10.20242214	10.20242214	113214.4922	5.659999847	5.922999859	0.500526316	0.805894737
0.977167855	10.20242023	10.20242023	113212.2891	5.679999828	5.910999775	0.500526316	0.805894737
0.977225732	10.20235252	10.20235252	113220.5469	5.670000076	5.946000099	0.500526316	0.805894737
0.977283597	10.20214558	10.20214558	113201.8359	5.75	5.968999863	0.500526316	0.805894737
0.97734147	10.20229435	10.20229435	113211.6172	5.730000019	5.972000122	0.500526316	0.805894737
0.977399343	10.20230198	10.20230198	113202.9063	5.699999809	5.982999802	0.500526316	0.805894737
0.977457205	10.20230103	10.20230103	113211.3359	5.730000019	5.981999874	0.500526316	0.805894737
0.977515079	10.20230961	10.20230961	113187.25	5.710000038	5.993000031	0.500526316	0.805894737
0.977572942	10.20248222	10.20248222	113194.6094	5.679999828	5.967000008	0.500526316	0.805894737
0.977630805	10.20228958	10.20228958	113186.1328	5.659999847	5.911999703	0.500526316	0.805894737
0.977688687	10.20238972	10.20238972	113189.875	5.659999847	5.913000107	0.500526316	0.805894737
