Day fraction since midnight on 	photometer (volts)	photometer (mg/L)	Source pressure (Pa)	Outlet Turb (NTU)	Inlet Turb (NTU)	Pump Control ()	Pump control backwash ()
0.005929487	10.20240784	10.20240784	113063.8438	4.029999733	0	0.500526316	0.805894737
0.00598734	10.20248318	10.20248318	113082.5234	6.900000095	0	0.500526316	0.805894737
0.00604521	10.20212746	10.20212746	113063.8594	9.069999695	0	0.500526316	0.805894737
0.006103076	10.2022438	10.2022438	113063.7109	10.02000046	0	0.500526316	0.805894737
0.006160975	10.20227146	10.20227146	113071.4375	9.739999771	0	0.500526316	0.805894737
0.00621884	10.20230675	10.20230675	113080.3125	8.699999809	0	0.500526316	0.805894737
0.006276687	10.20232582	10.20232582	113059.1406	8.779999733	1.717999935	0.500526316	0.805894737
0.006334542	10.20219898	10.20219898	113056.7344	8.579999924	4.984000206	0.500526316	0.805894737
0.006392414	10.20248699	10.20248699	113086.1406	9.319999695	7.81400013	0.500526316	0.805894737
0.006450302	10.20228004	10.20228004	113067.3203	9.140000343	9.454000473	0.500526316	0.805894737
0.006508154	10.20235062	10.20235062	113072.8906	8.699999809	10.55700016	0.500526316	0.805894737
0.006566021	10.20220757	10.20220757	113060.7656	6.670000076	13.9989996	0.500526316	0.805894737
0.006623891	10.20228195	10.20228195	113068.2891	5.360000134	13.51200008	0.500526316	0.805894737
0.006681767	10.20226383	10.20226383	113072.1641	4.739999771	13.10999966	0.500526316	0.805894737
0.006739635	10.20225811	10.20225811	113052.0234	3.940000057	12.60499954	0.500526316	0.805894737
0.006797511	10.20233154	10.20233154	113051.4297	3.289999962	11.95899963	0.500526316	0.805894737
0.006855374	10.20238686	10.20238686	113043.6094	3.039999962	11.07499981	0.500526316	0.805894737
0.006913254	10.20232773	10.20232773	113032.6016	2.940000057	10.1789999	0.500526316	0.805894737
0.006971123	10.20231056	10.20231056	113028.2031	2.460000038	8.111999512	0.500526316	0.805894737
0.007028992	10.20222092	10.20222092	113042.1406	2.329999924	8.125	0.500526316	0.805894737
0.007086852	10.20236588	10.20236588	113047.0781	2.339999914	7.975999832	0.500526316	0.805894737
0.007144718	10.20232868	10.20232868	113046.3203	2.24000001	7.711999893	0.500526316	0.805894737
0.007202602	10.20226002	10.20226002	113034.3047	2.589999914	7.481999874	0.500526316	0.805894737
0.007260456	10.20234394	10.20234394	113035.9297	2.509999991	7.44299984	0.500526316	0.805894737
0.007318333	10.20238876	10.20238876	113040.7891	2.170000076	7.244999886	0.500526316	0.805894737
0.007376208	10.202384	10.202384	113029.7578	2.039999962	7.06099987	0.500526316	0.805894737
0.007434063	10.20230389	10.20230389	113049.2109	1.960000038	6.863999844	0.500526316	0.805894737
0.007491935	10.20219994	10.20219994	113026.1719	1.75	6.693999767	0.500526316	0.805894737
0.0075498	10.20220661	10.20220661	113030.5859	1.919999957	6.585000038	0.500526316	0.805894737
0.007607673	10.20228672	10.20228672	113034.0156	2.430000067	6.494999886	0.500526316	0.805894737
0.007665561	10.20232677	10.20232677	113018.5547	3.480000019	6.34100008	0.500526316	0.805894737
0.007723429	10.20236874	10.20236874	113028.7969	2.769999981	6.25399971	0.500526316	0.805894737
0.007781296	10.20239258	10.20239258	113023.5469	2.259999991	6.157000065	0.500526316	0.805894737
0.007839204	10.20242214	10.20242214	113025.9063	1.669999957	6.161999703	0.500526316	0.805894737
0.00789709	10.2023735	10.2023735	113016.3594	1.389999986	6.095999718	0.500526316	0.805894737
0.007954945	10.20218658	10.20218658	113015.2578	1.299999952	5.999000073	0.500526316	0.805894737
0.008012805	10.20225334	10.20225334	113022.2031	1.470000029	5.947000027	0.500526316	0.805894737
0.008070694	10.20233727	10.20233727	113024.4844	1.159999967	6.043000221	0.500526316	0.805894737
0.00812851	10.20228004	10.20228004	113039.7266	2.130000114	5.946000099	0.500526316	0.805894737
0.008186402	10.20239925	10.20239925	113037.9922	1.809999943	5.967999935	0.500526316	0.805894737
0.008244269	10.20226192	10.20226192	113048.6797	1.399999976	6.000999928	0.500526316	0.805894737
0.008302155	10.20239544	10.20239544	113037.4453	1.120000005	5.970999718	0.500526316	0.805894737
0.008360012	10.20232582	10.20232582	113053.0859	0.949999988	5.838999748	0.500526316	0.805894737
0.008417896	10.20230103	10.20230103	113061.3047	0.870000005	5.853000164	0.500526316	0.805894737
0.008475766	10.20221901	10.20221901	113055.9688	0.930000007	5.796999931	0.500526316	0.805894737
0.008533639	10.20233059	10.20233059	113045.7422	0.860000014	5.732999802	0.500526316	0.805894737
0.008591492	10.20232582	10.20232582	113036.5234	0.889999986	5.896999836	0.500526316	0.805894737
0.008649338	10.20234013	10.20234013	113049.5938	0.839999974	5.861000061	0.500526316	0.805894737
0.008707207	10.20230865	10.20230865	113049.7031	0.810000002	5.809999943	0.500526316	0.805894737
0.008765078	10.20243359	10.20243359	113044.4141	0.819999993	5.796000004	0.500526316	0.805894737
0.008822953	10.20235157	10.20235157	113039.2578	1.129999995	5.775000095	0.500526316	0.805894737
0.008880832	10.20244122	10.20244122	113036.0781	1.059999943	5.803999901	0.500526316	0.805894737
0.008938692	10.20221519	10.20221519	113060.8906	1.159999967	5.722000122	0.500526316	0.805894737
0.008996566	10.20231342	10.20231342	113018.2109	1.100000024	5.709000111	0.500526316	0.805894737
0.009054434	10.20234585	10.20234585	113024.9922	1.360000014	5.672999859	0.500526316	0.805894737
0.009112299	10.20226097	10.20226097	113012.1484	1.629999995	5.624000073	0.500526316	0.805894737
0.00917017	10.20241928	10.20241928	113008.7891	1.419999957	5.738999844	0.500526316	0.805894737
0.009228047	10.20220661	10.20220661	113023.9688	1.299999952	5.679999828	0.500526316	0.805894737
0.009285915	10.20240688	10.20240688	113015.9844	1.269999981	5.914999962	0.500526316	0.805894737
0.009343904	10.20232964	10.20232964	113010.1953	1.279999971	5.784999847	0.500526316	0.805894737
0.009401647	10.20216846	10.20216846	112995.1172	1.559999943	5.702000141	0.500526316	0.805894737
0.009459645	10.20239353	10.20239353	113010.5391	1.559999943	5.656000137	0.500526316	0.805894737
0.009517397	10.20221806	10.20221806	112997.3672	2.519999981	5.607999802	0.500526316	0.805894737
0.009575309	10.20223045	10.20223045	112994.4297	2.220000029	5.59499979	0.500526316	0.805894737
0.009633183	10.20233727	10.20233727	112998.7969	2.210000038	5.558000088	0.500526316	0.805894737
0.009691056	10.20229626	10.20229626	112983.1719	2.509999991	5.553999901	0.500526316	0.805894737
0.009748931	10.20253372	10.20253372	113006.2813	2.339999914	5.540999889	0.500526316	0.805894737
0.0098068	10.20232296	10.20232296	112983.5469	2.220000029	5.558000088	0.500526316	0.805894737
0.009864661	10.20218658	10.20218658	112988.1172	2.190000057	5.691999912	0.500526316	0.805894737
0.009922537	10.20225334	10.20225334	112990.1719	2.210000038	5.730999947	0.500526316	0.805894737
0.00998041	10.20226383	10.20226383	112976.8594	2.720000029	5.822999954	0.500526316	0.805894737
0.010038274	10.20225716	10.20225716	112982.1719	2.74000001	5.835000038	0.500526316	0.805894737
0.010096145	10.20234585	10.20234585	112974.1016	3.200000048	6.100999832	0.500526316	0.805894737
0.010154016	10.20226383	10.20226383	112960.8203	3.539999962	5.946000099	0.500526316	0.805894737
0.010211893	10.20242977	10.20242977	112961.6641	3.369999886	5.769000053	0.500526316	0.805894737
0.010269759	10.20234299	10.20234299	112970.8359	3.279999971	5.664000034	0.500526316	0.805894737
0.010327615	10.20234299	10.20234299	112959.2656	3.259999991	5.855999947	0.500526316	0.805894737
0.010385486	10.20215702	10.20215702	112953.7891	3.059999943	5.755000114	0.500526316	0.805894737
0.010443395	10.20234966	10.20234966	112948.2578	2.950000048	5.737999916	0.500526316	0.805894737
0.010501277	10.20240307	10.20240307	112936.3828	3.339999914	5.680999756	0.500526316	0.805894737
0.010559117	10.2022686	10.2022686	112953.0156	3.359999895	5.62899971	0.500526316	0.805894737
0.010616997	10.2023344	10.2023344	112955.2344	3.230000019	5.580999851	0.500526316	0.805894737
0.010674853	10.20242691	10.20242691	112934.5547	3.150000095	5.548999786	0.500526316	0.805894737
0.010732725	10.20241547	10.20241547	112926.2344	3.099999905	5.526000023	0.500526316	0.805894737
0.010790591	10.20235443	10.20235443	112932.1641	3.059999943	5.546999931	0.500526316	0.805894737
0.010848473	10.20229435	10.20229435	112943.625	3.079999924	5.538000107	0.500526316	0.805894737
0.010906339	10.20229721	10.20229721	112926.5313	3.319999933	5.480999947	0.500526316	0.805894737
0.010964206	10.20230675	10.20230675	112943.8281	3.339999914	5.463999748	0.500526316	0.805894737
0.011022076	10.20229816	10.20229816	112927.9063	3.329999924	5.46600008	0.500526316	0.805894737
0.01107994	10.20233536	10.20233536	112922.6953	3.319999933	5.467000008	0.500526316	0.805894737
0.011137828	10.20226288	10.20226288	112917.9922	3.349999905	5.453000069	0.500526316	0.805894737
0.01119569	10.20240307	10.20240307	112933.4531	3.420000076	5.500999928	0.500526316	0.805894737
0.011253551	10.20230103	10.20230103	112921.6719	3.420000076	5.697000027	0.500526316	0.805894737
0.011311463	10.20220661	10.20220661	112920.3281	3.430000067	5.65899992	0.500526316	0.805894737
0.011369332	10.20225334	10.20225334	112936.3047	3.509999991	5.63199997	0.500526316	0.805894737
0.011427188	10.20231915	10.20231915	112918.5078	3.529999971	5.55700016	0.500526316	0.805894737
0.011485025	10.20225811	10.20225811	112913.0078	3.529999971	5.590000153	0.500526316	0.805894737
0.011542881	10.20237827	10.20237827	112909.5156	3.529999971	5.763000011	0.500526316	0.805894737
0.011600753	10.20240116	10.20240116	112918.9844	3.519999981	5.664999962	0.500526316	0.805894737
0.011658606	10.20245361	10.20245361	112915.7891	3.529999971	5.626999855	0.500526316	0.805894737
0.011716475	10.2024374	10.2024374	112917.4219	3.539999962	5.56799984	0.500526316	0.805894737
0.011774354	10.20237064	10.20237064	112930.7656	3.589999914	5.511000156	0.500526316	0.805894737
0.01183222	10.2020998	10.2020998	112903.5859	4.029999733	5.645999908	0.500526316	0.805894737
0.011890089	10.20230293	10.20230293	112921.8125	4.510000229	5.511000156	0.500526316	0.805894737
0.01194798	10.20226479	10.20226479	112912.125	4.779999733	5.474999905	0.500526316	0.805894737
0.012005841	10.20240688	10.20240688	112895.4531	4.409999847	5.702000141	0.500526316	0.805894737
0.012063782	10.20230389	10.20230389	112917.0313	4.199999809	5.600999832	0.500526316	0.805894737
0.012121637	10.20231819	10.20231819	112879.4609	4.090000153	5.512000084	0.500526316	0.805894737
0.012179528	10.20239449	10.20239449	112899.3516	4.029999733	5.581999779	0.500526316	0.805894737
0.012237386	10.20223999	10.20223999	112888.0859	4.090000153	5.732999802	0.500526316	0.805894737
0.012295245	10.20213509	10.20213509	112896.1172	4.019999981	5.68599987	0.500526316	0.805894737
0.012353121	10.20227337	10.20227337	112890	3.980000019	5.642000198	0.500526316	0.805894737
0.012410985	10.20222569	10.20222569	112883.7266	4.630000114	5.637000084	0.500526316	0.805894737
0.012468869	10.20225239	10.20225239	112870.6953	4.480000019	5.492000103	0.500526316	0.805894737
0.012526746	10.20235825	10.20235825	112869.6484	4.340000153	5.400000095	0.500526316	0.805894737
0.012584611	10.20232964	10.20232964	112877	4.599999905	5.359000206	0.500526316	0.805894737
0.012642473	10.20242977	10.20242977	112881.6094	5.059999943	5.460000038	0.500526316	0.805894737
0.01270035	10.20243454	10.20243454	112869.0469	4.989999771	5.40899992	0.500526316	0.805894737
0.012758222	10.20211792	10.20211792	112872.3125	4.739999771	5.416999817	0.500526316	0.805894737
0.012816086	10.20234299	10.20234299	112870.2656	5.690000057	5.484000206	0.500526316	0.805894737
0.012873949	10.20227909	10.20227909	112874.7578	5.179999828	5.427000046	0.500526316	0.805894737
0.012931828	10.2023344	10.2023344	112859.5859	4.860000134	5.459000111	0.500526316	0.805894737
0.012989685	10.2023468	10.2023468	112861.1641	5.119999886	5.540999889	0.500526316	0.805894737
0.01304755	10.20220089	10.20220089	112841.8281	5.039999962	5.791999817	0.500526316	0.805894737
0.013105433	10.20243073	10.20243073	112839.25	4.739999771	6.375	0.500526316	0.805894737
0.013163288	10.20225334	10.20225334	112859.3672	4.529999733	6.038000107	0.500526316	0.805894737
0.013221175	10.20228672	10.20228672	112828.3516	4.449999809	6.217000008	0.500526316	0.805894737
0.013279038	10.20224285	10.20224285	112845.7031	4.559999943	5.902999878	0.500526316	0.805894737
0.013336872	10.20231152	10.20231152	112823.7188	4.46999979	5.647999764	0.500526316	0.805894737
0.013394759	10.20230675	10.20230675	112831.9141	4.420000076	5.613999844	0.500526316	0.805894737
0.013451818	10.20220947	10.20220947	112830.3359	4.480000019	5.68599987	0.500526316	0.805894737
0.013510531	10.20229721	10.20229721	112815.8203	4.409999847	5.519000053	0.500526316	0.805894737
0.013568402	10.20254421	10.20254421	112816.2422	4.369999886	5.43599987	0.500526316	0.805894737
0.013626259	10.20235062	10.20235062	112803.5	4.360000134	5.370999813	0.500526316	0.805894737
0.013684136	10.20228863	10.20228863	112816.7344	5.139999867	5.27699995	0.500526316	0.805894737
0.013741947	10.20204735	10.20204735	112773.7734	5.440000057	5.228000164	0.500526316	0.805894737
0.013799811	10.20223331	10.20223331	112788.2266	5.039999962	5.220999718	0.500526316	0.805894737
0.013857695	10.20228577	10.20228577	112788.5781	5.340000153	5.262000084	0.500526316	0.805894737
0.013915578	10.20227146	10.20227146	112782.2734	5.159999847	5.31799984	0.500526316	0.805894737
0.01397349	10.20226479	10.20226479	112808.4609	5.329999924	5.336999893	0.500526316	0.805894737
0.014031293	10.20250893	10.20250893	112781.4844	5.070000172	5.361000061	0.500526316	0.805894737
0.01408918	10.20241737	10.20241737	112777.8203	5.360000134	5.311999798	0.500526316	0.805894737
0.014142986	10.20234299	10.20234299	112777.8203	5.110000134	5.293000221	0.500526316	0.805894737
0.014204953	10.20225334	10.20225334	112781.4141	5.019999981	5.356999874	0.500526316	0.805894737
0.01426282	10.20228863	10.20228863	112758.4141	4.949999809	5.326000214	0.500526316	0.805894737
0.014320699	10.20226288	10.20226288	112746.9297	4.829999924	5.30700016	0.500526316	0.805894737
0.014378568	10.20234013	10.20234013	112764.0625	5.340000153	5.321000099	0.500526316	0.805894737
0.014436432	10.20234966	10.20234966	112747.3984	5.630000114	5.394000053	0.500526316	0.805894737
0.014494305	10.20224476	10.20224476	112757.2422	5.279999733	5.328000069	0.500526316	0.805894737
0.01455218	10.20246696	10.20246696	112750.0078	5.25	5.515999794	0.500526316	0.805894737
0.014610054	10.20243168	10.20243168	112747.8594	5.779999733	5.467999935	0.500526316	0.805894737
0.014667926	10.20224762	10.20224762	112767.3828	5.550000191	5.430999756	0.500526316	0.805894737
0.014725786	10.20235825	10.20235825	112741.7188	5.25	5.383999825	0.500526316	0.805894737
0.014783647	10.20239449	10.20239449	112737.8672	5.110000134	5.640999794	0.500526316	0.805894737
0.014841507	10.20234585	10.20234585	112748.8281	5.070000172	5.473999977	0.500526316	0.805894737
0.014899381	10.20227432	10.20227432	112729.2031	5.170000076	5.401000023	0.500526316	0.805894737
0.014957246	10.20215797	10.20215797	112727.3906	5.110000134	5.329999924	0.500526316	0.805894737
0.015015117	10.20250416	10.20250416	112726.9766	5.110000134	5.258999825	0.500526316	0.805894737
0.015072984	10.20242596	10.20242596	112737.0156	5.179999828	5.928999901	0.500526316	0.805894737
0.015130843	10.20226097	10.20226097	112728.7969	5.179999828	5.829999924	0.500526316	0.805894737
0.015188708	10.20212269	10.20212269	112731.4063	5.21999979	5.572999954	0.500526316	0.805894737
0.015246581	10.20231915	10.20231915	112721.1953	5.289999962	5.568999767	0.500526316	0.805894737
0.015304463	10.20227146	10.20227146	112719.375	5.269999981	5.381000042	0.500526316	0.805894737
0.015362323	10.20229435	10.20229435	112721.4609	5.210000038	5.305999756	0.500526316	0.805894737
0.015420209	10.20230103	10.20230103	112750.8438	5.210000038	5.263999939	0.500526316	0.805894737
0.015478071	10.20251083	10.20251083	112756.8281	5.239999771	5.220999718	0.500526316	0.805894737
0.015535927	10.20238209	10.20238209	112743.4609	5.260000229	5.227000237	0.500526316	0.805894737
0.015593809	10.20242691	10.20242691	112768.1875	5.260000229	5.206999779	0.500526316	0.805894737
0.015651668	10.20223141	10.20223141	112769.75	5.369999886	5.186999798	0.500526316	0.805894737
0.01570955	10.20229435	10.20229435	112786.2734	5.610000134	5.576000214	0.500526316	0.805894737
0.015767402	10.20232201	10.20232201	112786.3594	5.489999771	5.421000004	0.500526316	0.805894737
0.015825291	10.20234871	10.20234871	112790.8516	5.360000134	5.345999718	0.500526316	0.805894737
0.015883153	10.20235157	10.20235157	112816.6328	5.210000038	5.305999756	0.500526316	0.805894737
0.015941016	10.20230007	10.20230007	112817.4609	5.119999886	5.250999928	0.500526316	0.805894737
0.015998902	10.20229816	10.20229816	112808.5	5.029999733	5.209000111	0.500526316	0.805894737
0.016056775	10.20240784	10.20240784	112805.3906	4.960000038	5.380000114	0.500526316	0.805894737
0.016114631	10.20217419	10.20217419	112809.3281	4.929999828	5.318999767	0.500526316	0.805894737
0.016170778	10.20233917	10.20233917	112809.3281	4.929999828	5.276000023	0.500526316	0.805894737
0.016230467	10.20237637	10.20237637	112831.4063	4.929999828	5.230000019	0.500526316	0.805894737
0.016288287	10.20231915	10.20231915	112841.3125	4.940000057	5.197999954	0.500526316	0.805894737
0.016346177	10.20235825	10.20235825	112840.8203	4.96999979	5.160999775	0.500526316	0.805894737
0.016404051	10.2023344	10.2023344	112838.6641	5.050000191	5.215000153	0.500526316	0.805894737
0.016461916	10.2024765	10.2024765	112861.6563	5.170000076	5.191999912	0.500526316	0.805894737
0.016519775	10.202384	10.202384	112872.2891	5.269999981	5.225999832	0.500526316	0.805894737
0.016577659	10.20224094	10.20224094	112888.4297	5.300000191	5.184999943	0.500526316	0.805894737
0.01663553	10.20233059	10.20233059	112874.6563	5.510000229	5.168000221	0.500526316	0.805894737
0.016693389	10.20240402	10.20240402	112902.4766	5.679999828	5.164000034	0.500526316	0.805894737
0.016751284	10.20223713	10.20223713	112897.8984	5.869999886	5.177000046	0.500526316	0.805894737
0.016809145	10.20237541	10.20237541	112906.3359	6.340000153	5.168000221	0.500526316	0.805894737
0.016867001	10.20220375	10.20220375	112926.8359	6.389999867	5.186999798	0.500526316	0.805894737
0.01692488	10.20236588	10.20236588	112924.9609	6.590000153	5.21999979	0.500526316	0.805894737
0.016982751	10.20244026	10.20244026	112933.4688	6.590000153	5.232999802	0.500526316	0.805894737
0.017040603	10.20235157	10.20235157	112947.3984	6.460000038	5.220999718	0.500526316	0.805894737
0.017098471	10.20222855	10.20222855	112945.0625	6.429999828	5.203999996	0.500526316	0.805894737
0.01715636	10.20239353	10.20239353	112943.1953	6.409999847	5.177999973	0.500526316	0.805894737
0.017214253	10.20230293	10.20230293	112945.0703	6.070000172	5.263999939	0.500526316	0.805894737
0.01727211	10.20228958	10.20228958	112978.2578	5.769999981	5.243000031	0.500526316	0.805894737
0.017329841	10.20231628	10.20231628	112978.2578	5.559999943	5.597000122	0.500526316	0.805894737
0.017387821	10.20249558	10.20249558	112991.1563	5.420000076	5.531000137	0.500526316	0.805894737
0.017445679	10.20237827	10.20237827	112991.1563	5.300000191	5.356999874	0.500526316	0.805894737
0.017503569	10.20243073	10.20243073	112988.4766	5.309999943	5.25699997	0.500526316	0.805894737
0.01756142	10.2022438	10.2022438	113002.5156	5.25	5.203999996	0.500526316	0.805894737
0.017619301	10.2024231	10.2024231	113032.9844	5.170000076	5.176000118	0.500526316	0.805894737
0.017677178	10.20234489	10.20234489	113033.5156	5.139999867	5.324999809	0.500526316	0.805894737
0.01773503	10.20235062	10.20235062	113045.3438	5.199999809	5.241000176	0.500526316	0.805894737
0.017792904	10.20239735	10.20239735	113061.9297	5.21999979	5.331999779	0.500526316	0.805894737
0.017850824	10.20226097	10.20226097	113062.3672	5.170000076	5.250999928	0.500526316	0.805894737
0.017908696	10.20246315	10.20246315	113074.1875	5.039999962	5.178999901	0.500526316	0.805894737
0.017966557	10.20233345	10.20233345	113088.8047	4.900000095	5.152999878	0.500526316	0.805894737
0.018024432	10.20225143	10.20225143	113097.0156	4.739999771	5.138999939	0.500526316	0.805894737
0.018082301	10.20237827	10.20237827	113117.7969	4.679999828	5.328000069	0.500526316	0.805894737
0.018140134	10.20235157	10.20235157	113150.2813	4.650000095	6.21600008	0.500526316	0.805894737
0.018198018	10.20230579	10.20230579	113127.4531	4.639999867	5.826000214	0.500526316	0.805894737
0.018255942	10.20224094	10.20224094	113134.1875	4.570000172	5.543000221	0.500526316	0.805894737
0.018313794	10.20234108	10.20234108	113130.6016	4.489999771	5.361999989	0.500526316	0.805894737
0.018371642	10.20238113	10.20238113	113142.6563	4.460000038	5.354000092	0.500526316	0.805894737
0.0184295	10.20236397	10.20236397	113128.5156	4.429999828	5.511000156	0.500526316	0.805894737
0.01848735	10.20227909	10.20227909	113139.7891	4.429999828	5.388999939	0.500526316	0.805894737
0.018545242	10.20224953	10.20224953	113144.8984	4.639999867	5.340000153	0.500526316	0.805894737
0.018603099	10.20226097	10.20226097	113157.9766	4.659999847	5.31400013	0.500526316	0.805894737
0.018660981	10.20223808	10.20223808	113168.1094	4.619999886	5.28399992	0.500526316	0.805894737
0.018718854	10.20236969	10.20236969	113178.1641	4.619999886	5.252999783	0.500526316	0.805894737
0.018776729	10.20218945	10.20218945	113167.1641	4.650000095	5.279999733	0.500526316	0.805894737
0.01883459	10.2024498	10.2024498	113182.8984	4.699999809	5.544000149	0.500526316	0.805894737
0.018892419	10.20234966	10.20234966	113188.5938	4.840000153	5.486000061	0.500526316	0.805894737
0.018950276	10.20241165	10.20241165	113195.3594	5.150000095	5.436999798	0.500526316	0.805894737
0.019008162	10.20209503	10.20209503	113199.3828	5.869999886	5.369999886	0.500526316	0.805894737
0.019066027	10.20225716	10.20225716	113208.4219	6.300000191	5.623000145	0.500526316	0.805894737
0.019123894	10.2022543	10.2022543	113210.8438	6.599999905	5.627999783	0.500526316	0.805894737
0.019181771	10.20227718	10.20227718	113224.6016	6.909999847	5.784999847	0.500526316	0.805894737
0.019239638	10.20232964	10.20232964	113220.8672	7.190000057	5.586999893	0.500526316	0.805894737
0.019297497	10.20244694	10.20244694	113219.1016	7.369999886	5.448999882	0.500526316	0.805894737
0.019355498	10.20232296	10.20232296	113240.9688	7.46999979	5.330999851	0.500526316	0.805894737
0.019413359	10.20239735	10.20239735	113229.8281	7.389999867	5.25399971	0.500526316	0.805894737
0.019471119	10.20227337	10.20227337	113245.6797	7.139999867	5.217000008	0.500526316	0.805894737
0.019529095	10.20238304	10.20238304	113247.2656	6.760000229	5.434999943	0.500526316	0.805894737
0.019586956	10.20243168	10.20243168	113224.6563	6.380000114	5.419000149	0.500526316	0.805894737
0.019644832	10.20236015	10.20236015	113230.7188	6.119999886	5.387000084	0.500526316	0.805894737
0.019702614	10.20237446	10.20237446	113232.9844	6.079999924	5.328000069	0.500526316	0.805894737
0.019760495	10.20221806	10.20221806	113210.375	6.099999905	5.337999821	0.500526316	0.805894737
0.019818367	10.20243168	10.20243168	113241.4922	5.929999828	5.335000038	0.500526316	0.805894737
0.019876224	10.20240402	10.20240402	113241.6016	5.519999981	5.342000008	0.500526316	0.805894737
0.019934104	10.20222759	10.20222759	113239.2891	5.150000095	5.375999928	0.500526316	0.805894737
0.01999198	10.20234013	10.20234013	113244.1875	5.050000191	5.482999802	0.500526316	0.805894737
0.020049849	10.20244312	10.20244312	113238.3828	5.239999771	5.475999832	0.500526316	0.805894737
0.020107712	10.2022438	10.2022438	113263.4922	5.619999886	5.451000214	0.500526316	0.805894737
0.020165565	10.20232296	10.20232296	113251.1172	6.090000153	5.418000221	0.500526316	0.805894737
0.020223449	10.20226288	10.20226288	113255.875	6.029999733	5.46600008	0.500526316	0.805894737
0.02028131	10.20239067	10.20239067	113254.6953	5.550000191	5.578000069	0.500526316	0.805894737
0.020339184	10.20233059	10.20233059	113254.0156	5.010000229	5.612999916	0.500526316	0.805894737
0.02039706	10.20239353	10.20239353	113267.7578	4.570000172	5.664999962	0.500526316	0.805894737
0.020454932	10.20228767	10.20228767	113247.2422	4.260000229	5.755000114	0.500526316	0.805894737
0.020512795	10.20231724	10.20231724	113279.0078	4.090000153	5.696000099	0.500526316	0.805894737
0.020570655	10.20234299	10.20234299	113278.3359	4.289999962	5.637000084	0.500526316	0.805894737
0.020628542	10.20237637	10.20237637	113264.625	4.570000172	5.568999767	0.500526316	0.805894737
0.020686398	10.20224285	10.20224285	113282.7578	4.789999962	5.519999981	0.500526316	0.805894737
0.020744381	10.20248318	10.20248318	113259.3203	4.829999924	5.46999979	0.500526316	0.805894737
0.020802132	10.20245838	10.20245838	113259.7891	4.760000229	5.727000237	0.500526316	0.805894737
0.020860008	10.20229626	10.20229626	113259.1016	4.579999924	5.598999977	0.500526316	0.805894737
0.020917887	10.20213413	10.20213413	113281.5859	4.329999924	5.463999748	0.500526316	0.805894737
0.020975753	10.20237446	10.20237446	113258.7422	4.119999886	5.548999786	0.500526316	0.805894737
0.021033616	10.20235729	10.20235729	113264.8984	3.99000001	5.47300005	0.500526316	0.805894737
0.021091612	10.20221043	10.20221043	113261.2266	3.950000048	5.394000053	0.500526316	0.805894737
0.021149464	10.20234394	10.20234394	113283.9531	3.889999867	5.675000191	0.500526316	0.805894737
0.021207347	10.2024231	10.2024231	113280.9688	3.880000114	5.676000118	0.500526316	0.805894737
0.021265096	10.20241928	10.20241928	113280.1016	3.970000029	5.592000008	0.500526316	0.805894737
0.02132307	10.20240402	10.20240402	113284.4141	3.950000048	5.588999748	0.500526316	0.805894737
0.021380942	10.2022419	10.2022419	113269.3203	4.090000153	5.573999882	0.500526316	0.805894737
0.021438712	10.20233345	10.20233345	113271	4.210000038	5.639999867	0.500526316	0.805894737
0.021496575	10.20240498	10.20240498	113272.8984	4.199999809	5.693999767	0.500526316	0.805894737
0.021554554	10.20232105	10.20232105	113257.5938	4.440000057	5.730000019	0.500526316	0.805894737
0.021612438	10.20233822	10.20233822	113264.7891	4.889999867	5.823999882	0.500526316	0.805894737
0.021670284	10.20226002	10.20226002	113280.7422	5.239999771	5.850999832	0.500526316	0.805894737
0.021728166	10.20240307	10.20240307	113266.5625	5.590000153	5.81400013	0.500526316	0.805894737
0.021786025	10.20236492	10.20236492	113277.375	6.070000172	5.720999718	0.500526316	0.805894737
0.021843935	10.20232868	10.20232868	113268.0938	6.059999943	5.650000095	0.500526316	0.805894737
0.021901683	10.20229816	10.20229816	113268.625	5.730000019	5.68900013	0.500526316	0.805894737
0.021959608	10.2023859	10.2023859	113268.7109	5.340000153	5.665999889	0.500526316	0.805894737
0.022017417	10.2023735	10.2023735	113280.1719	4.989999771	5.710000038	0.500526316	0.805894737
0.022075296	10.20239925	10.20239925	113267.0859	4.779999733	5.697999954	0.500526316	0.805894737
0.022133167	10.20224857	10.20224857	113250.6563	4.679999828	5.703000069	0.500526316	0.805894737
0.02219104	10.20248508	10.20248508	113261.1094	4.639999867	5.789999962	0.500526316	0.805894737
0.022248897	10.20245075	10.20245075	113268.5	4.529999733	5.985000134	0.500526316	0.805894737
0.022306773	10.20234394	10.20234394	113265.8594	4.5	5.989999771	0.500526316	0.805894737
0.022364639	10.20218182	10.20218182	113263.5313	4.659999847	6.055999756	0.500526316	0.805894737
0.022422516	10.20231056	10.20231056	113259.125	4.659999847	6.604000092	0.500526316	0.805894737
0.022480386	10.2022934	10.2022934	113278.5547	4.880000114	6.534999847	0.500526316	0.805894737
0.022538257	10.20230484	10.20230484	113252.3984	5.050000191	6.331999779	0.500526316	0.805894737
0.022596119	10.20226383	10.20226383	113275.5781	5.119999886	5.940999985	0.500526316	0.805894737
0.022653993	10.20237255	10.20237255	113276.5156	5.070000172	5.781000137	0.500526316	0.805894737
0.022711964	10.20244026	10.20244026	113279.7266	5.170000076	5.87899971	0.500526316	0.805894737
0.022769835	10.20243168	10.20243168	113256.6406	5.360000134	5.742000103	0.500526316	0.805894737
0.0228276	10.20218086	10.20218086	113262.6875	5.510000229	6.18900013	0.500526316	0.805894737
0.022885577	10.20236969	10.20236969	113284.9609	5.369999886	6.607999802	0.500526316	0.805894737
0.022943453	10.20234585	10.20234585	113264.0078	5.260000229	6.427000046	0.500526316	0.805894737
0.023001313	10.20229054	10.20229054	113284.0547	5.21999979	6.453999996	0.500526316	0.805894737
0.023059185	10.20232773	10.20232773	113270	5.170000076	6.426000118	0.500526316	0.805894737
0.023117058	10.20234585	10.20234585	113268.5313	5.079999924	6.097000122	0.500526316	0.805894737
0.023174929	10.20248032	10.20248032	113279.3516	4.960000038	5.921999931	0.500526316	0.805894737
0.02323279	10.20242214	10.20242214	113265.2891	5.5	6.598999977	0.500526316	0.805894737
0.02329066	10.20220375	10.20220375	113280.3438	5.279999733	6.217999935	0.500526316	0.805894737
0.023348432	10.202384	10.202384	113272.4063	5.21999979	5.94299984	0.500526316	0.805894737
0.02340641	10.20228386	10.20228386	113265.2031	5.320000172	5.863999844	0.500526316	0.805894737
0.023464273	10.20238686	10.20238686	113264.5625	5.440000057	5.712999821	0.500526316	0.805894737
0.023522144	10.202384	10.202384	113258.1641	6.199999809	5.59499979	0.500526316	0.805894737
0.023580013	10.20231438	10.20231438	113257.2891	6.779999733	5.605000019	0.500526316	0.805894737
0.023637892	10.20239735	10.20239735	113248.7344	6.820000172	5.587999821	0.500526316	0.805894737
0.023695745	10.20229244	10.20229244	113250.0469	6.480000019	5.535999775	0.500526316	0.805894737
0.02375363	10.20223713	10.20223713	113257.8906	6.170000076	5.510000229	0.500526316	0.805894737
0.023811499	10.20217037	10.20217037	113227.4297	5.710000038	5.500999928	0.500526316	0.805894737
0.023869359	10.20239449	10.20239449	113240.6641	5.429999828	5.770999908	0.500526316	0.805894737
0.023927223	10.20238686	10.20238686	113232.0625	5.159999847	5.695000172	0.500526316	0.805894737
0.023985104	10.20236301	10.20236301	113223.7813	4.980000019	5.768000126	0.500526316	0.805894737
0.024042973	10.20231438	10.20231438	113215.7969	4.960000038	5.743000031	0.500526316	0.805894737
0.024100849	10.20246506	10.20246506	113225.5703	4.840000153	5.730999947	0.500526316	0.805894737
0.024158645	10.20236588	10.20236588	113216.7578	4.820000172	5.739999771	0.500526316	0.805894737
0.024216523	10.20234489	10.20234489	113235.5391	4.849999905	5.782000065	0.500526316	0.805894737
0.024274376	10.20223331	10.20223331	113232.7891	4.920000076	5.795000076	0.500526316	0.805894737
0.024332251	10.20232391	10.20232391	113211.25	5.019999981	5.796000004	0.500526316	0.805894737
0.024390113	10.20238018	10.20238018	113227.4609	4.929999828	5.743999958	0.500526316	0.805894737
0.024448051	10.20229816	10.20229816	113216.2344	4.96999979	5.988999844	0.500526316	0.805894737
0.024505928	10.20229435	10.20229435	113212.1875	5.679999828	5.994999886	0.500526316	0.805894737
0.024563737	10.20242119	10.20242119	113220.4609	5.519999981	5.973999977	0.500526316	0.805894737
0.024621616	10.20236683	10.20236683	113214.2813	5.630000114	5.953000069	0.500526316	0.805894737
0.024679533	10.20232964	10.20232964	113211.7891	5.760000229	5.93200016	0.500526316	0.805894737
0.024737401	10.20234966	10.20234966	113207.0703	6.440000057	5.93599987	0.500526316	0.805894737
0.024795276	10.20226192	10.20226192	113216.8984	6.150000095	6.587999821	0.500526316	0.805894737
0.024853148	10.20230865	10.20230865	113210.7109	6.480000019	6.203999996	0.500526316	0.805894737
0.024911015	10.20233631	10.20233631	113217.6797	6.289999962	6.019000053	0.500526316	0.805894737
0.024968883	10.20234013	10.20234013	113209.6172	6.489999771	5.926000118	0.500526316	0.805894737
0.025026736	10.2023716	10.2023716	113196.1094	6.489999771	5.790999889	0.500526316	0.805894737
0.025084604	10.20255566	10.20255566	113199.4609	6.349999905	5.800000191	0.500526316	0.805894737
0.025142477	10.20247746	10.20247746	113217.6172	7.010000229	5.93599987	0.500526316	0.805894737
0.025200353	10.20221233	10.20221233	113200.0156	7.029999733	5.793000221	0.500526316	0.805894737
0.025258235	10.202281	10.202281	113183.2656	6.75	5.828999996	0.500526316	0.805894737
0.025316086	10.20243549	10.20243549	113189.2813	7.510000229	5.715000153	0.500526316	0.805894737
0.025373951	10.20233154	10.20233154	113208.1719	7.510000229	5.649000168	0.500526316	0.805894737
0.025431836	10.20235443	10.20235443	113194.4063	7.159999847	5.677999973	0.500526316	0.805894737
0.025489707	10.20230961	10.20230961	113204.3984	6.989999771	5.69299984	0.500526316	0.805894737
0.0255476	10.20245171	10.20245171	113193.3516	6.989999771	5.697000027	0.500526316	0.805894737
0.025605459	10.20237446	10.20237446	113193.8438	6.900000095	5.775000095	0.500526316	0.805894737
0.025663341	10.20234203	10.20234203	113170.8906	7.179999828	5.764999867	0.500526316	0.805894737
0.025721199	10.20222092	10.20222092	113176.7969	7.539999962	5.752999783	0.500526316	0.805894737
0.025779081	10.20242786	10.20242786	113179.3828	7.590000153	5.727000237	0.500526316	0.805894737
0.025836958	10.20226383	10.20226383	113180.3906	7.369999886	5.696000099	0.500526316	0.805894737
0.025894814	10.20241451	10.20241451	113180.1094	7.260000229	5.691999912	0.500526316	0.805894737
0.025952689	10.20232773	10.20232773	113176.4844	6.96999979	5.704999924	0.500526316	0.805894737
0.026010559	10.20240498	10.20240498	113188.9141	7.099999905	5.703000069	0.500526316	0.805894737
0.026068422	10.20227432	10.20227432	113165.7578	7	5.643000126	0.500526316	0.805894737
0.026126284	10.20236778	10.20236778	113168.1719	6.929999828	5.611999989	0.500526316	0.805894737
0.026184172	10.20232487	10.20232487	113172.4531	6.650000095	5.635000229	0.500526316	0.805894737
0.026242025	10.20230389	10.20230389	113176.4688	6.760000229	5.636000156	0.500526316	0.805894737
0.026299892	10.20223522	10.20223522	113181.3672	7.070000172	5.625	0.500526316	0.805894737
0.026357763	10.20244789	10.20244789	113164.5781	7.409999847	5.578000069	0.500526316	0.805894737
0.026415631	10.2023325	10.2023325	113185.5313	6.920000076	5.711999893	0.500526316	0.805894737
0.0264735	10.20226383	10.20226383	113162.7188	6.789999962	5.62899971	0.500526316	0.805894737
0.026531379	10.2024374	10.2024374	113167.7031	6.829999924	5.552000046	0.500526316	0.805894737
0.026589249	10.20244217	10.20244217	113158.2188	6.75	5.480999947	0.500526316	0.805894737
0.02664712	10.20227146	10.20227146	113142.25	6.920000076	5.451000214	0.500526316	0.805894737
0.026704988	10.20231533	10.20231533	113154.6406	6.670000076	5.491000176	0.500526316	0.805894737
0.026762845	10.20223999	10.20223999	113149.9375	6.510000229	5.525000095	0.500526316	0.805894737
0.026820721	10.2023592	10.2023592	113148.6172	6.349999905	5.548999786	0.500526316	0.805894737
0.026878603	10.20234203	10.20234203	113151.3281	6.25	5.664000034	0.500526316	0.805894737
0.026936461	10.20225143	10.20225143	113142.3906	6.230000019	5.613999844	0.500526316	0.805894737
0.026994329	10.20248699	10.20248699	113130.7813	6.159999847	5.644000053	0.500526316	0.805894737
0.027052192	10.2022686	10.2022686	113130.4922	6.139999867	5.562999725	0.500526316	0.805894737
0.027110046	10.20232677	10.20232677	113130.0625	6.110000134	5.498000145	0.500526316	0.805894737
0.027167922	10.2023735	10.2023735	113116.8828	6.090000153	5.618000031	0.500526316	0.805894737
0.027225859	10.20230484	10.20230484	113135.7891	6.110000134	5.605999947	0.500526316	0.805894737
0.027283715	10.20240116	10.20240116	113125.4844	6.139999867	5.488999844	0.500526316	0.805894737
0.0273416	10.20232964	10.20232964	113126.5	6.130000114	5.480000019	0.500526316	0.805894737
0.02739947	10.20233536	10.20233536	113118.75	6.110000134	5.40199995	0.500526316	0.805894737
0.027457337	10.20250511	10.20250511	113111.0469	6.179999828	5.436999798	0.500526316	0.805894737
0.027515206	10.20236588	10.20236588	113131.6641	6.25	5.46999979	0.500526316	0.805894737
0.027573061	10.20232964	10.20232964	113107.8047	7.029999733	5.452000141	0.500526316	0.805894737
0.027630943	10.20221615	10.20221615	113130.7344	6.909999847	5.493000031	0.500526316	0.805894737
0.027688768	10.20223999	10.20223999	113131.0156	6.619999886	5.531000137	0.500526316	0.805894737
0.027746631	10.20232868	10.20232868	113120.9844	6.710000038	5.617000103	0.500526316	0.805894737
0.027804544	10.20228291	10.20228291	113137.4063	7.360000134	5.744999886	0.500526316	0.805894737
0.02786241	10.20242214	10.20242214	113108.7188	6.96999979	5.668000221	0.500526316	0.805894737
0.027920233	10.2024641	10.2024641	113125.4688	6.960000038	5.638000011	0.500526316	0.805894737
0.027978108	10.20234394	10.20234394	113122.7734	6.949999809	5.649000168	0.500526316	0.805894737
0.028035994	10.20244122	10.20244122	113106.5781	7.059999943	5.764999867	0.500526316	0.805894737
0.028093853	10.20218182	10.20218182	113101.3672	6.639999867	5.710000038	0.500526316	0.805894737
0.02815171	10.20230675	10.20230675	113093.0234	6.400000095	5.687999725	0.500526316	0.805894737
0.028209579	10.20235062	10.20235062	113096.4922	6.25	5.626999855	0.500526316	0.805894737
0.028267441	10.20224571	10.20224571	113068.0547	6.190000057	5.624000073	0.500526316	0.805894737
0.028325328	10.20221806	10.20221806	113078.6563	6.159999847	5.673999786	0.500526316	0.805894737
0.028383185	10.20221043	10.20221043	113064.7422	6.159999847	5.583000183	0.500526316	0.805894737
0.028441054	10.20240402	10.20240402	113078.9297	6.159999847	5.644000053	0.500526316	0.805894737
0.028498932	10.20239353	10.20239353	113075.7734	6.159999847	5.577000141	0.500526316	0.805894737
0.028556794	10.20234966	10.20234966	113069.4922	7.059999943	5.494999886	0.500526316	0.805894737
0.028614653	10.20231438	10.20231438	113080.3125	7.079999924	5.445000172	0.500526316	0.805894737
0.028672624	10.2023716	10.2023716	113072.3906	6.800000191	5.375	0.500526316	0.805894737
0.028730432	10.20232296	10.20232296	113061.9375	7.289999962	5.730999947	0.500526316	0.805894737
0.028788302	10.20231915	10.20231915	113063.7188	7.199999809	5.586999893	0.500526316	0.805894737
0.028846151	10.2022934	10.2022934	113066.2266	6.860000134	5.578000069	0.500526316	0.805894737
0.028904011	10.20248032	10.20248032	113079.4531	6.699999809	6.169000149	0.500526316	0.805894737
0.028961876	10.20241547	10.20241547	113034.4766	6.949999809	6.316999912	0.500526316	0.805894737
0.029019759	10.20227146	10.20227146	113052.1484	6.860000134	6.153999806	0.500526316	0.805894737
0.029077611	10.20223522	10.20223522	113040.4219	6.699999809	5.830999851	0.500526316	0.805894737
0.029135496	10.20228863	10.20228863	113044.4609	6.46999979	5.59100008	0.500526316	0.805894737
0.029193363	10.20232201	10.20232201	112841.1328	6.340000153	5.487999916	0.500526316	0.805894737
0.029251218	10.20235729	10.20235729	112827.7266	6.489999771	5.40899992	0.500526316	0.805894737
0.029309209	10.20227051	10.20227051	112820.1328	6.360000134	5.377999783	0.500526316	0.805894737
0.029366976	10.20249367	10.20249367	112825.6719	6.389999867	5.37899971	0.500526316	0.805894737
0.029424847	10.20242023	10.20242023	112833.3281	6.46999979	5.460000038	0.500526316	0.805894737
0.029482783	10.20235729	10.20235729	112827.2656	6.389999867	5.477000237	0.500526316	0.805894737
0.029540651	10.20219421	10.20219421	112835.4141	6.300000191	5.52699995	0.500526316	0.805894737
0.029598515	10.20235157	10.20235157	112828.125	6.650000095	5.802000046	0.500526316	0.805894737
0.029656379	10.20240307	10.20240307	112834.2109	6.510000229	5.647999764	0.500526316	0.805894737
0.029714252	10.20227623	10.20227623	112851.5547	6.409999847	5.528999806	0.500526316	0.805894737
0.029772124	10.20230103	10.20230103	112827.2734	6.320000172	5.40899992	0.500526316	0.805894737
0.029829989	10.2024498	10.2024498	112829.2188	6.279999733	5.374000073	0.500526316	0.805894737
0.029887854	10.20240784	10.20240784	112819.7813	6.230000019	5.554999828	0.500526316	0.805894737
0.029945743	10.20231628	10.20231628	112820.3047	6.269999981	5.62899971	0.500526316	0.805894737
