Day fraction since midnight on 	photometer (volts)	photometer (mg/L)	Source pressure (Pa)	Outlet Turb (NTU)	Inlet Turb (NTU)	Pump Control ()	Pump control backwash ()
0.041635509	10.20229435	10.20229435	113055.7891	2.75	0	0.500526316	0.805894737
0.041693366	10.20237637	10.20237637	113064.7813	4.090000153	0	0.500526316	0.805894737
0.041751236	10.20241261	10.20241261	113044.8906	4.610000134	0	0.500526316	0.805894737
0.04180912	10.20230103	10.20230103	113048.6406	4.510000229	0	0.500526316	0.805894737
0.041867082	10.2024622	10.2024622	113022.6953	4.019999981	0	0.500526316	0.805894737
0.04192495	10.20232582	10.20232582	113036.375	3.309999943	0	0.500526316	0.805894737
0.041982835	10.20220375	10.20220375	113024.1172	2.609999895	0.665000022	0.500526316	0.805894737
0.042040689	10.20231819	10.20231819	113034.8594	2.089999914	1.373000026	0.500526316	0.805894737
0.042098456	10.20225525	10.20225525	113036.8047	1.799999952	1.947999954	0.500526316	0.805894737
0.042156429	10.20238018	10.20238018	113028.5625	1.620000005	2.34100008	0.500526316	0.805894737
0.042214292	10.20235538	10.20235538	113027.8672	1.5	2.575000048	0.500526316	0.805894737
0.042272169	10.2023592	10.2023592	112999.6328	1.340000033	2.89199996	0.500526316	0.805894737
0.042330031	10.20238209	10.20238209	113009.6406	1.220000029	3.388000011	0.500526316	0.805894737
0.04238791	10.20241261	10.20241261	113008.7656	2.639999867	3.558000088	0.500526316	0.805894737
0.042445789	10.20237255	10.20237255	113010.2578	1.99000001	3.641000032	0.500526316	0.805894737
0.042503641	10.20230675	10.20230675	113020.1641	1.519999981	3.789000034	0.500526316	0.805894737
0.04256152	10.20245934	10.20245934	113015.9297	1.210000038	3.934000015	0.500526316	0.805894737
0.042619382	10.20237923	10.20237923	113015.9453	1.009999991	4.010000229	0.500526316	0.805894737
0.042677248	10.20228386	10.20228386	113025.3906	0.909999967	4.034999847	0.500526316	0.805894737
0.042735135	10.20225716	10.20225716	113018.0469	0.839999974	4.095999718	0.500526316	0.805894737
0.042793005	10.20237637	10.20237637	113008.8516	0.790000022	4.156000137	0.500526316	0.805894737
0.042850855	10.20233727	10.20233727	113018.1875	0.75	4.166999817	0.500526316	0.805894737
0.042908724	10.20238972	10.20238972	113005.7422	0.759999991	4.213999748	0.500526316	0.805894737
0.042966612	10.2022171	10.2022171	113016.5781	0.759999991	4.25699997	0.500526316	0.805894737
0.043024474	10.20232296	10.20232296	113020.6953	1.039999962	4.269000053	0.500526316	0.805894737
0.043082341	10.2022562	10.2022562	113007.5781	0.909999967	4.519000053	0.500526316	0.805894737
0.043140138	10.20243359	10.20243359	112999.7969	0.909999967	4.403999806	0.500526316	0.805894737
0.043198003	10.20230865	10.20230865	112997.3984	0.870000005	4.323999882	0.500526316	0.805894737
0.04325587	10.20241833	10.20241833	113017.0078	0.829999983	4.272999764	0.500526316	0.805894737
0.043313739	10.20240021	10.20240021	113004.0391	0.819999993	4.245999813	0.500526316	0.805894737
0.043371721	10.20238686	10.20238686	113006.3125	0.779999971	4.237999916	0.500526316	0.805894737
0.043429491	10.20225143	10.20225143	113010.3594	0.779999971	4.205999851	0.500526316	0.805894737
0.043487456	10.20229816	10.20229816	113006.0469	0.759999991	4.179999828	0.500526316	0.805894737
0.043545326	10.20237541	10.20237541	112999.0781	0.74000001	4.163000107	0.500526316	0.805894737
0.043603195	10.20230293	10.20230293	112986.0859	0.860000014	4.168000221	0.500526316	0.805894737
0.043661089	10.20233536	10.20233536	112996.8359	0.870000005	4.160999775	0.500526316	0.805894737
0.043718935	10.20236206	10.20236206	112991.4375	0.909999967	4.171000004	0.500526316	0.805894737
0.043776806	10.20238304	10.20238304	112991.6953	0.860000014	4.168000221	0.500526316	0.805894737
0.04383468	10.20238113	10.20238113	112994.875	0.810000002	4.212999821	0.500526316	0.805894737
0.043892543	10.20240307	10.20240307	112987.5078	0.879999995	4.236999989	0.500526316	0.805894737
0.043950419	10.20224476	10.20224476	112976.7188	0.790000022	4.237999916	0.500526316	0.805894737
0.044008284	10.2024641	10.2024641	112979.6094	0.839999974	4.263999939	0.500526316	0.805894737
0.044066155	10.2023344	10.2023344	112987.6641	0.800000012	4.425000191	0.500526316	0.805894737
0.044124023	10.20232868	10.20232868	112988.6172	0.769999981	4.434999943	0.500526316	0.805894737
0.044181893	10.20228004	10.20228004	112973.0078	0.720000029	4.354000092	0.500526316	0.805894737
0.044239762	10.20247841	10.20247841	112994.4922	0.720000029	4.324999809	0.500526316	0.805894737
0.044297642	10.20230865	10.20230865	112968.6328	0.99000001	4.302999973	0.500526316	0.805894737
0.044355508	10.20230103	10.20230103	112983.75	0.920000017	4.305999756	0.500526316	0.805894737
0.044413365	10.2022419	10.2022419	112967.7813	0.839999974	4.27699995	0.500526316	0.805894737
0.044471244	10.20231056	10.20231056	112956.5313	0.790000022	4.258999825	0.500526316	0.805894737
0.044529123	10.20233154	10.20233154	112951.625	0.870000005	4.279999733	0.500526316	0.805894737
0.044586988	10.20234299	10.20234299	112945.7109	0.860000014	4.279999733	0.500526316	0.805894737
0.044644845	10.20239067	10.20239067	112944.4609	0.819999993	4.329999924	0.500526316	0.805894737
0.044702715	10.20241165	10.20241165	112947.75	0.889999986	4.304999828	0.500526316	0.805894737
0.044760584	10.20240116	10.20240116	112943.4844	0.819999993	4.458000183	0.500526316	0.805894737
0.04481845	10.20238018	10.20238018	112926.7344	0.829999983	4.389999867	0.500526316	0.805894737
0.044876322	10.2021389	10.2021389	112924.5469	0.810000002	4.335000038	0.500526316	0.805894737
0.044934195	10.20235252	10.20235252	112937.0703	0.800000012	4.305999756	0.500526316	0.805894737
0.044992067	10.2022562	10.2022562	112926.1172	0.790000022	4.286999703	0.500526316	0.805894737
0.045049951	10.2022562	10.2022562	112938.4063	0.779999971	4.302999973	0.500526316	0.805894737
0.045107821	10.20230103	10.20230103	112907.8359	0.790000022	4.31099987	0.500526316	0.805894737
0.04516569	10.20239353	10.20239353	112916.3281	0.779999971	4.320000172	0.500526316	0.805894737
0.045223471	10.20242691	10.20242691	112903.9844	0.879999995	4.338999748	0.500526316	0.805894737
0.045281346	10.2024374	10.2024374	112909.2266	0.970000029	4.315999985	0.500526316	0.805894737
0.045339233	10.20223999	10.20223999	112910.5	1.039999962	4.284999847	0.500526316	0.805894737
0.045397104	10.20226002	10.20226002	112897.5	0.980000019	4.274000168	0.500526316	0.805894737
0.045454957	10.20228958	10.20228958	112901.8281	0.930000007	4.301000118	0.500526316	0.805894737
0.045512826	10.20235825	10.20235825	112894.8438	0.930000007	4.289999962	0.500526316	0.805894737
0.045570706	10.2023201	10.2023201	112893.3047	1.080000043	4.282000065	0.500526316	0.805894737
0.04562857	10.20225143	10.20225143	112875.1094	1.090000033	4.277999878	0.500526316	0.805894737
0.045686448	10.20243168	10.20243168	112871.1094	1.100000024	4.281000137	0.500526316	0.805894737
0.045744299	10.20238209	10.20238209	112885.1719	1.090000033	4.302000046	0.500526316	0.805894737
0.045802187	10.20232391	10.20232391	112870.1719	1.049999952	4.294000149	0.500526316	0.805894737
0.045860058	10.20222092	10.20222092	112869.2656	1.019999981	4.282000065	0.500526316	0.805894737
0.045917905	10.20228386	10.20228386	112868.1797	1.080000043	4.298999786	0.500526316	0.805894737
0.045975793	10.20235252	10.20235252	112857.0625	1.069999933	4.334000111	0.500526316	0.805894737
0.046033654	10.20236111	10.20236111	112854.9922	1.080000043	4.31799984	0.500526316	0.805894737
0.046091526	10.20239925	10.20239925	112846.4609	1.129999995	4.296000004	0.500526316	0.805894737
0.046149522	10.20245838	10.20245838	112848.4844	1.129999995	4.407000065	0.500526316	0.805894737
0.04620739	10.20233536	10.20233536	112854.3906	1.120000005	4.473999977	0.500526316	0.805894737
0.046265142	10.20223713	10.20223713	112847.8438	1.110000014	4.415999889	0.500526316	0.805894737
0.046323129	10.20220566	10.20220566	112833.2734	1.090000033	4.360000134	0.500526316	0.805894737
0.046380872	10.20223045	10.20223045	112829	1.069999933	4.336999893	0.500526316	0.805894737
0.046438848	10.20227432	10.20227432	112836.4063	1.080000043	4.338999748	0.500526316	0.805894737
0.046496615	10.20228291	10.20228291	112815.6172	1.090000033	4.327000141	0.500526316	0.805894737
0.046554605	10.20237255	10.20237255	112820.2734	1.149999976	4.326000214	0.500526316	0.805894737
0.046612458	10.20234966	10.20234966	112813.2188	1.190000057	4.353000164	0.500526316	0.805894737
0.046670324	10.2023716	10.2023716	112822.7813	1.190000057	4.377999783	0.500526316	0.805894737
0.046728211	10.20238781	10.20238781	112816.0469	1.190000057	4.375	0.500526316	0.805894737
0.046786064	10.20222569	10.20222569	112800.6406	1.230000019	4.383999825	0.500526316	0.805894737
0.04684394	10.20234966	10.20234966	112809.3125	1.350000024	4.394000053	0.500526316	0.805894737
0.046901802	10.20229054	10.20229054	112798.9609	1.299999952	4.559999943	0.500526316	0.805894737
0.046959683	10.202281	10.202281	112812.0547	1.289999962	4.595999718	0.500526316	0.805894737
0.047017444	10.20231247	10.20231247	112793.2109	1.529999971	4.777999878	0.500526316	0.805894737
0.047075416	10.20242691	10.20242691	112801.6719	1.460000038	4.645999908	0.500526316	0.805894737
0.047133289	10.20252228	10.20252228	112774.5859	1.399999976	4.871999741	0.500526316	0.805894737
0.047191149	10.20233917	10.20233917	112775.8047	1.419999957	4.712999821	0.500526316	0.805894737
0.047249029	10.20216751	10.20216751	112788.8828	1.409999967	4.611000061	0.500526316	0.805894737
0.047306889	10.20225143	10.20225143	112753.7656	1.5	4.540999889	0.500526316	0.805894737
0.047364762	10.20225334	10.20225334	112766.1172	1.519999981	4.479000092	0.500526316	0.805894737
0.047422645	10.20232105	10.20232105	112764.2344	1.559999943	4.443999767	0.500526316	0.805894737
0.047480509	10.20236397	10.20236397	112756.6172	1.649999976	4.441999912	0.500526316	0.805894737
0.047538366	10.20226574	10.20226574	112763.1953	1.580000043	4.437999725	0.500526316	0.805894737
0.047596233	10.20248795	10.20248795	112743.6719	1.569999933	4.421000004	0.500526316	0.805894737
0.047654112	10.20244217	10.20244217	112767.5469	1.600000024	4.410999775	0.500526316	0.805894737
0.047711978	10.20230293	10.20230293	112737.7422	1.580000043	4.396999836	0.500526316	0.805894737
0.047769864	10.20222092	10.20222092	112750.5391	1.559999943	4.397999764	0.500526316	0.805894737
0.047827712	10.20236015	10.20236015	112737.3047	1.620000005	4.388999939	0.500526316	0.805894737
0.04788558	10.2023468	10.2023468	112737.4844	1.669999957	4.371999741	0.500526316	0.805894737
0.047943469	10.20230961	10.20230961	112746.9844	1.649999976	4.38199997	0.500526316	0.805894737
0.048001332	10.20237541	10.20237541	112764.1016	1.730000019	4.407999992	0.500526316	0.805894737
0.048059194	10.20239449	10.20239449	112742.8984	1.690000057	4.394999981	0.500526316	0.805894737
0.048117066	10.20238686	10.20238686	112747.5156	1.659999967	4.447999954	0.500526316	0.805894737
0.048174945	10.20242977	10.20242977	112762.8203	1.649999976	4.494999886	0.500526316	0.805894737
0.048232814	10.20209694	10.20209694	112762.8125	1.74000001	4.541999817	0.500526316	0.805894737
0.048290669	10.2023716	10.2023716	112776.7188	1.720000029	4.525000095	0.500526316	0.805894737
0.048348557	10.20238113	10.20238113	112776.8359	1.879999995	4.532000065	0.500526316	0.805894737
0.048406425	10.20228672	10.20228672	112767.0625	1.850000024	4.885000229	0.500526316	0.805894737
0.04846431	10.20237255	10.20237255	112793.1641	1.860000014	4.943999767	0.500526316	0.805894737
0.04852216	10.20249081	10.20249081	112786.1484	1.919999957	4.945000172	0.500526316	0.805894737
0.048580005	10.20244026	10.20244026	112803.2188	1.950000048	4.875999928	0.500526316	0.805894737
0.048637873	10.20236206	10.20236206	112804.3516	1.899999976	4.751999855	0.500526316	0.805894737
0.048695728	10.20223904	10.20223904	112809.3359	1.850000024	4.633999825	0.500526316	0.805894737
0.048753617	10.20233727	10.20233727	112810.1094	1.860000014	4.555999756	0.500526316	0.805894737
0.04881148	10.20234776	10.20234776	112822.4609	2.089999914	4.538000107	0.500526316	0.805894737
0.048869336	10.20230103	10.20230103	112851.1094	2	4.529999733	0.500526316	0.805894737
0.048927209	10.20229912	10.20229912	112825.6484	2.190000057	4.515999794	0.500526316	0.805894737
0.048985091	10.20234585	10.20234585	112836.5234	2.160000086	4.50399971	0.500526316	0.805894737
0.049042949	10.20247364	10.20247364	112856.9922	2.089999914	4.473999977	0.500526316	0.805894737
0.049100823	10.20237064	10.20237064	112853	2.059999943	4.47300005	0.500526316	0.805894737
0.049158689	10.20223141	10.20223141	112875.2109	2.079999924	4.47300005	0.500526316	0.805894737
0.049216572	10.20234013	10.20234013	112859.9453	2.089999914	4.484000206	0.500526316	0.805894737
0.049274432	10.20234299	10.20234299	112884.4453	2.039999962	4.680999756	0.500526316	0.805894737
0.049332292	10.20239067	10.20239067	112864.5	2.029999971	4.751999855	0.500526316	0.805894737
0.049390177	10.20240116	10.20240116	112877.1797	2.089999914	4.637000084	0.500526316	0.805894737
0.049448034	10.20231056	10.20231056	112897.1484	2.059999943	4.571000099	0.500526316	0.805894737
0.049505919	10.20258331	10.20258331	112894.1563	2.369999886	4.558000088	0.500526316	0.805894737
0.049563781	10.20249462	10.20249462	112904.2109	2.289999962	4.686999798	0.500526316	0.805894737
0.049621653	10.20234776	10.20234776	112883.0234	2.25	4.624000073	0.500526316	0.805894737
0.049679518	10.20223713	10.20223713	112900.6719	2.349999905	4.626999855	0.500526316	0.805894737
0.049737381	10.20231533	10.20231533	112893.1328	2.369999886	4.701000214	0.500526316	0.805894737
0.04979527	10.20224953	10.20224953	112903.0234	2.309999943	4.749000073	0.500526316	0.805894737
0.049853127	10.20230293	10.20230293	112923.75	2.25	4.927000046	0.500526316	0.805894737
0.049910998	10.20220375	10.20220375	112906.6172	2.259999991	4.789999962	0.500526316	0.805894737
0.049968855	10.20250034	10.20250034	112922.9844	2.25	4.735000134	0.500526316	0.805894737
0.050026738	10.20239067	10.20239067	112913.7813	2.279999971	4.663000107	0.500526316	0.805894737
0.050084593	10.20233345	10.20233345	112927.0234	2.289999962	4.585000038	0.500526316	0.805894737
0.050142475	10.20217419	10.20217419	112941.4141	2.319999933	4.646999836	0.500526316	0.805894737
0.050200332	10.20229816	10.20229816	112949.8125	2.329999924	4.63199997	0.500526316	0.805894737
0.050258216	10.20230961	10.20230961	112932.1563	2.329999924	4.627999783	0.500526316	0.805894737
0.050316073	10.20232105	10.20232105	112941.9063	2.329999924	4.663000107	0.500526316	0.805894737
0.050373943	10.20232773	10.20232773	112952.2656	2.420000076	4.630000114	0.500526316	0.805894737
0.050431805	10.20231915	10.20231915	112946.3828	2.400000095	4.642000198	0.500526316	0.805894737
0.050489683	10.20239067	10.20239067	112956.7969	2.460000038	4.600999832	0.500526316	0.805894737
0.050547562	10.20241547	10.20241547	112957.0859	2.470000029	4.598999977	0.500526316	0.805894737
0.050605423	10.20221901	10.20221901	112946.6016	2.49000001	4.55700016	0.500526316	0.805894737
0.050663302	10.20234394	10.20234394	112966.6875	2.5	4.551000118	0.500526316	0.805894737
0.050721152	10.20232677	10.20232677	112952.2578	2.639999867	4.656000137	0.500526316	0.805894737
0.050779045	10.2022419	10.2022419	112949.0859	2.599999905	4.661999703	0.500526316	0.805894737
0.050836906	10.20233345	10.20233345	112951.7344	2.599999905	4.848999977	0.500526316	0.805894737
0.050894876	10.20236015	10.20236015	112979.1719	2.680000067	4.745999813	0.500526316	0.805894737
0.050952748	10.20243168	10.20243168	112971.7656	2.700000048	4.68200016	0.500526316	0.805894737
0.051010503	10.20240116	10.20240116	112974.1172	2.75	4.618999958	0.500526316	0.805894737
0.051068389	10.20216465	10.20216465	112972.5078	2.889999867	4.621999741	0.500526316	0.805894737
0.051126354	10.20225716	10.20225716	112962.7422	2.769999981	4.605999947	0.500526316	0.805894737
0.051184226	10.20233345	10.20233345	112981.6016	2.720000029	4.687999725	0.500526316	0.805894737
0.051241987	10.20239353	10.20239353	112983.6484	2.700000048	4.684000015	0.500526316	0.805894737
0.051299866	10.20225334	10.20225334	112996.4766	2.75	4.638000011	0.500526316	0.805894737
0.05135784	10.20222759	10.20222759	112971.8281	2.700000048	4.625	0.500526316	0.805894737
0.051415722	10.20243359	10.20243359	112984.9453	2.759999991	4.635000229	0.500526316	0.805894737
0.051473591	10.20236778	10.20236778	112987.25	2.779999971	4.659999847	0.500526316	0.805894737
0.051531336	10.20229721	10.20229721	112985.2266	2.869999886	4.675000191	0.500526316	0.805894737
0.051589328	10.20231342	10.20231342	112994.8672	2.819999933	4.644000053	0.500526316	0.805894737
0.051647082	10.20232773	10.20232773	113000.7656	2.869999886	4.666999817	0.500526316	0.805894737
0.051705046	10.20234108	10.20234108	113021.2031	2.819999933	4.645999908	0.500526316	0.805894737
0.051762924	10.20236015	10.20236015	112991.7734	2.859999895	4.848999977	0.500526316	0.805894737
0.0518208	10.20239544	10.20239544	113004.2813	2.889999867	4.820000172	0.500526316	0.805894737
0.051878663	10.20240879	10.20240879	113014.7891	2.880000114	4.758999825	0.500526316	0.805894737
0.051936529	10.20238972	10.20238972	113023.7969	2.880000114	4.711999893	0.500526316	0.805894737
0.051994399	10.20227814	10.20227814	113020.4375	2.889999867	4.706999779	0.500526316	0.805894737
0.05205228	10.20215321	10.20215321	113011.3984	2.900000095	4.690000057	0.500526316	0.805894737
0.052110145	10.20236301	10.20236301	113040.1016	2.910000086	4.684999943	0.500526316	0.805894737
0.052168	10.20235348	10.20235348	113027.2422	2.960000038	4.739999771	0.500526316	0.805894737
0.052225883	10.20234489	10.20234489	113040.6797	3.049999952	4.901000023	0.500526316	0.805894737
0.052283754	10.20220375	10.20220375	113037.2813	3.24000001	4.886000156	0.500526316	0.805894737
0.052341625	10.20230198	10.20230198	113047.8281	3.139999867	4.836999893	0.500526316	0.805894737
0.052399494	10.20240021	10.20240021	113059.5703	3.150000095	4.823999882	0.500526316	0.805894737
0.052457367	10.20234108	10.20234108	113068.8906	3.139999867	4.828000069	0.500526316	0.805894737
0.052515229	10.20225811	10.20225811	113064.6016	3.069999933	4.791999817	0.500526316	0.805894737
0.052573097	10.20240784	10.20240784	113051.9766	3.069999933	4.750999928	0.500526316	0.805894737
0.052630959	10.20237827	10.20237827	113047.0469	3.49000001	4.710000038	0.500526316	0.805894737
0.052688843	10.20223808	10.20223808	113061.5313	3.529999971	4.684999943	0.500526316	0.805894737
0.052746711	10.20230007	10.20230007	113052.7656	3.619999886	4.666999817	0.500526316	0.805894737
0.052804563	10.20235538	10.20235538	113056.6563	3.400000095	4.660999775	0.500526316	0.805894737
0.052862443	10.20240498	10.20240498	113079.5547	3.420000076	4.659999847	0.500526316	0.805894737
0.052920305	10.20236588	10.20236588	113070.1094	3.319999933	4.666999817	0.500526316	0.805894737
0.052978169	10.20225716	10.20225716	113064.5547	3.279999971	4.673999786	0.500526316	0.805894737
0.053036056	10.20225239	10.20225239	113083.2891	3.289999962	4.663000107	0.500526316	0.805894737
0.05309393	10.20233727	10.20233727	113079.3359	3.339999914	4.68900013	0.500526316	0.805894737
0.053151798	10.20229244	10.20229244	113078.5469	3.339999914	4.676000118	0.500526316	0.805894737
0.053209666	10.20232868	10.20232868	113076.5938	3.420000076	4.644999981	0.500526316	0.805894737
0.053267521	10.20224571	10.20224571	113077.8281	3.389999867	4.633999825	0.500526316	0.805894737
0.05332539	10.202425	10.202425	113081.7734	3.339999914	4.640999794	0.500526316	0.805894737
0.053383272	10.20245552	10.20245552	113090.5938	3.289999962	4.625999928	0.500526316	0.805894737
0.053441135	10.20238972	10.20238972	113107.75	3.269999981	4.650000095	0.500526316	0.805894737
0.053498974	10.2022028	10.2022028	113098.3906	3.269999981	4.657000065	0.500526316	0.805894737
0.053556862	10.20233536	10.20233536	113103.7891	3.319999933	4.673999786	0.500526316	0.805894737
0.053614711	10.20221138	10.20221138	113115.7813	3.309999943	4.657000065	0.500526316	0.805894737
0.053672592	10.20237827	10.20237827	113097.0469	3.299999952	4.661999703	0.500526316	0.805894737
0.053730451	10.20247555	10.20247555	113101.0313	3.309999943	5.123000145	0.500526316	0.805894737
0.053788337	10.20248795	10.20248795	113095.3516	3.289999962	4.949999809	0.500526316	0.805894737
0.053846209	10.20240879	10.20240879	113096.1641	3.359999895	4.863999844	0.500526316	0.805894737
0.053904077	10.20241165	10.20241165	113125.5078	3.859999895	4.809999943	0.500526316	0.805894737
0.053961944	10.20221043	10.20221043	113117.2969	3.730000019	4.78399992	0.500526316	0.805894737
0.054019808	10.20236397	10.20236397	113108.5234	3.579999924	4.951000214	0.500526316	0.805894737
0.054077668	10.20234585	10.20234585	113120.8906	3.49000001	4.863999844	0.500526316	0.805894737
0.054135541	10.20232391	10.20232391	113114.8281	3.440000057	4.818999767	0.500526316	0.805894737
0.054193418	10.20226383	10.20226383	113113.2031	3.450000048	5.496999741	0.500526316	0.805894737
0.054251288	10.20231628	10.20231628	113147.3906	3.470000029	5.242000103	0.500526316	0.805894737
0.054309155	10.20242882	10.20242882	113149.5156	3.440000057	5.052000046	0.500526316	0.805894737
0.054367025	10.20231152	10.20231152	113117.0313	3.420000076	4.93200016	0.500526316	0.805894737
0.054424892	10.20224285	10.20224285	113133.8281	3.599999905	4.876999855	0.500526316	0.805894737
0.054482769	10.20233727	10.20233727	113126.1953	3.650000095	5.074999809	0.500526316	0.805894737
0.054540645	10.20230293	10.20230293	113115.4453	3.630000114	4.994999886	0.500526316	0.805894737
0.05459851	10.20225334	10.20225334	113117.3359	3.579999924	4.866000176	0.500526316	0.805894737
0.054656374	10.20227909	10.20227909	113130.4531	3.589999914	4.786999703	0.500526316	0.805894737
0.054714235	10.20234776	10.20234776	113133.7656	3.549999952	4.744999886	0.500526316	0.805894737
0.054772115	10.20239449	10.20239449	113121.3125	3.529999971	4.711999893	0.500526316	0.805894737
0.054829981	10.20229721	10.20229721	113135.5313	3.609999895	4.728000164	0.500526316	0.805894737
0.054887884	10.20238876	10.20238876	113139.0156	3.619999886	4.704999924	0.500526316	0.805894737
0.054945748	10.20215797	10.20215797	113139.2109	3.619999886	4.701000214	0.500526316	0.805894737
0.055003628	10.20238209	10.20238209	113151.5234	3.559999943	4.802000046	0.500526316	0.805894737
0.055061483	10.20234013	10.20234013	113151.4297	3.549999952	4.772999764	0.500526316	0.805894737
0.05511936	10.20236301	10.20236301	113135.9219	3.559999943	4.75	0.500526316	0.805894737
0.05517722	10.20235062	10.20235062	113143.7969	3.549999952	4.742000103	0.500526316	0.805894737
0.055235102	10.20244884	10.20244884	113135.8594	3.609999895	4.921999931	0.500526316	0.805894737
0.055292973	10.20238876	10.20238876	113130.9766	3.609999895	5.032000065	0.500526316	0.805894737
0.055350832	10.20241737	10.20241737	113152.2891	3.609999895	4.918000221	0.500526316	0.805894737
0.0554087	10.20211411	10.20211411	113147.3359	3.609999895	4.850999832	0.500526316	0.805894737
0.05546659	10.20235157	10.20235157	113165.9141	3.630000114	4.829999924	0.500526316	0.805894737
0.055524446	10.20241737	10.20241737	113147.6094	3.630000114	4.84499979	0.500526316	0.805894737
0.055582318	10.20229626	10.20229626	113142.1484	3.639999867	4.81099987	0.500526316	0.805894737
0.055640188	10.20228291	10.20228291	113143.2188	3.660000086	4.815000057	0.500526316	0.805894737
0.055698051	10.20246124	10.20246124	113135.6563	3.690000057	4.789999962	0.500526316	0.805894737
0.055755937	10.2023592	10.2023592	113129.0625	3.700000048	4.811999798	0.500526316	0.805894737
0.055813785	10.20227146	10.20227146	113114.875	3.759999991	4.840000153	0.500526316	0.805894737
0.055871654	10.2022686	10.2022686	113140.3828	3.889999867	4.845999718	0.500526316	0.805894737
0.055929535	10.20238781	10.20238781	113098.6094	3.900000095	4.947000027	0.500526316	0.805894737
0.055987403	10.20225811	10.20225811	113132.5313	3.889999867	5.000999928	0.500526316	0.805894737
0.056045319	10.20230961	10.20230961	113112.9297	3.849999905	4.927999973	0.500526316	0.805894737
0.0561032	10.20238495	10.20238495	113097.9688	3.799999952	4.888000011	0.500526316	0.805894737
0.056161056	10.20232677	10.20232677	113107.3672	3.809999943	4.842999935	0.500526316	0.805894737
0.056218938	10.20252323	10.20252323	113121.3125	3.889999867	4.797999859	0.500526316	0.805894737
0.056276815	10.20242977	10.20242977	113112.9453	4.230000019	4.93900013	0.500526316	0.805894737
0.056334684	10.20220661	10.20220661	113095.8047	4.110000134	4.894000053	0.500526316	0.805894737
0.056392541	10.20228577	10.20228577	113093.0078	4.010000229	4.885000229	0.500526316	0.805894737
0.056450422	10.20233536	10.20233536	113089.1563	4	5.052999973	0.500526316	0.805894737
0.056508284	10.20236111	10.20236111	113094.8828	3.970000029	4.996999741	0.500526316	0.805894737
0.056566141	10.20235443	10.20235443	113085.8125	3.950000048	5.165999889	0.500526316	0.805894737
0.05662403	10.20231628	10.20231628	113087.9453	4.019999981	5.013999939	0.500526316	0.805894737
0.056681881	10.20248604	10.20248604	113077.8984	4.050000191	4.958000183	0.500526316	0.805894737
0.056739766	10.20239449	10.20239449	113078.6719	4.019999981	4.945000172	0.500526316	0.805894737
0.056797624	10.20236969	10.20236969	113085.1484	4.019999981	4.93200016	0.500526316	0.805894737
0.056855504	10.20227337	10.20227337	113072.5938	4.059999943	4.90899992	0.500526316	0.805894737
0.056913369	10.20235157	10.20235157	113098.6797	4.019999981	4.892000198	0.500526316	0.805894737
0.056971245	10.20232296	10.20232296	113072.875	4	4.890999794	0.500526316	0.805894737
0.057029106	10.20230484	10.20230484	113071.9609	4.039999962	4.887000084	0.500526316	0.805894737
0.057086968	10.20224762	10.20224762	113075.7969	4.019999981	4.913000107	0.500526316	0.805894737
0.057144844	10.20243359	10.20243359	113083.0625	4.059999943	4.988999844	0.500526316	0.805894737
0.057202717	10.20239735	10.20239735	113077.3984	4.079999924	4.999000073	0.500526316	0.805894737
0.057260579	10.20239639	10.20239639	113085.1563	4.090000153	5.032999992	0.500526316	0.805894737
0.05731845	10.20221329	10.20221329	113086.5078	4.079999924	4.978000164	0.500526316	0.805894737
0.057376324	10.20230198	10.20230198	113074.7188	4.070000172	5.025000095	0.500526316	0.805894737
0.057434204	10.20239162	10.20239162	113079.5938	4.369999886	5.154999733	0.500526316	0.805894737
0.057492072	10.20228195	10.20228195	113086.8438	4.279999733	5.53399992	0.500526316	0.805894737
0.057549931	10.2023077	10.2023077	113058.3906	4.260000229	5.399000168	0.500526316	0.805894737
0.057607809	10.2023592	10.2023592	113051.3594	4.21999979	5.265999794	0.500526316	0.805894737
0.057665665	10.20255566	10.20255566	113060.375	4.150000095	5.625999928	0.500526316	0.805894737
0.057723548	10.20216751	10.20216751	113072.7969	4.139999867	6.040999889	0.500526316	0.805894737
0.057781414	10.20220852	10.20220852	113062.2891	4.150000095	6.099999905	0.500526316	0.805894737
0.05783927	10.20230484	10.20230484	113070.1328	4.159999847	5.656000137	0.500526316	0.805894737
0.057897149	10.20226288	10.20226288	113064.4219	4.21999979	5.586999893	0.500526316	0.805894737
0.05795503	10.20238781	10.20238781	113061.5625	4.210000038	5.440999985	0.500526316	0.805894737
0.058012889	10.20219707	10.20219707	113065.5313	4.309999943	5.333000183	0.500526316	0.805894737
0.058070766	10.20225906	10.20225906	113046.1016	4.289999962	5.428999901	0.500526316	0.805894737
0.058128646	10.20233059	10.20233059	113045.2109	4.389999867	5.605999947	0.500526316	0.805894737
0.058186502	10.20235729	10.20235729	113036.6406	4.369999886	5.396999836	0.500526316	0.805894737
0.058244374	10.20228195	10.20228195	113062.9531	4.369999886	5.555999756	0.500526316	0.805894737
0.05830224	10.20223236	10.20223236	113035.2031	4.409999847	5.459000111	0.500526316	0.805894737
0.058360119	10.20226002	10.20226002	113058.6406	4.349999905	5.309999943	0.500526316	0.805894737
0.058418007	10.20228386	10.20228386	113031.5078	4.320000172	5.249000073	0.500526316	0.805894737
0.058475878	10.20230579	10.20230579	113027.0078	4.309999943	5.281000137	0.500526316	0.805894737
0.058533731	10.20226002	10.20226002	113030.8516	4.300000191	5.228000164	0.500526316	0.805894737
0.058591608	10.20249748	10.20249748	113040.5234	4.579999924	5.468999863	0.500526316	0.805894737
0.058649472	10.20239735	10.20239735	113031	4.460000038	5.761000156	0.500526316	0.805894737
0.058707335	10.2022543	10.2022543	112994.9531	4.409999847	5.545000076	0.500526316	0.805894737
0.058765216	10.20216751	10.20216751	113014.4063	4.360000134	5.739999771	0.500526316	0.805894737
0.058823078	10.20238018	10.20238018	113014.0234	4.340000153	5.585999966	0.500526316	0.805894737
0.058880957	10.20226002	10.20226002	113017.8203	4.349999905	6.163000107	0.500526316	0.805894737
0.058938826	10.20228004	10.20228004	113005.2031	4.349999905	5.833000183	0.500526316	0.805894737
0.058996686	10.20226765	10.20226765	113009.4375	4.360000134	5.65199995	0.500526316	0.805894737
0.059054562	10.20251465	10.20251465	113014.0234	4.400000095	6.485000134	0.500526316	0.805894737
0.05911244	10.20232105	10.20232105	113008.1563	4.409999847	6.036999703	0.500526316	0.805894737
0.059170304	10.20245552	10.20245552	113001.8359	4.550000191	6.433000088	0.500526316	0.805894737
0.059228179	10.20217419	10.20217419	112996.2734	4.519999981	6.400000095	0.500526316	0.805894737
0.059286049	10.20245457	10.20245457	113006.7422	4.5	6.465000153	0.500526316	0.805894737
0.059343919	10.20232487	10.20232487	112987.4688	4.489999771	6.124000073	0.500526316	0.805894737
0.05940179	10.20233345	10.20233345	112974.2344	4.5	6.02699995	0.500526316	0.805894737
0.05945966	10.20237637	10.20237637	112991.8438	4.550000191	5.873000145	0.500526316	0.805894737
0.059517516	10.20236111	10.20236111	112976.7813	4.570000172	6.124000073	0.500526316	0.805894737
0.059575381	10.20249271	10.20249271	112988.1094	4.599999905	6.237999916	0.500526316	0.805894737
0.059633268	10.20227146	10.20227146	112959.8438	4.909999847	6.394000053	0.500526316	0.805894737
0.05969114	10.20222855	10.20222855	112973.9375	4.909999847	6.640999794	0.500526316	0.805894737
0.059749002	10.20229816	10.20229816	112954.3828	4.800000191	6.298999786	0.500526316	0.805894737
0.059806862	10.20225334	10.20225334	112977.7031	4.800000191	6.105999947	0.500526316	0.805894737
0.059864728	10.20230103	10.20230103	112973.6484	4.800000191	6.039000034	0.500526316	0.805894737
0.059922648	10.20234489	10.20234489	112983.8203	4.769999981	6.59100008	0.500526316	0.805894737
0.059980508	10.20227146	10.20227146	112987.9609	4.760000229	6.360000134	0.500526316	0.805894737
0.060038392	10.20238018	10.20238018	112968.2656	4.809999943	6.328000069	0.500526316	0.805894737
0.060096259	10.20236397	10.20236397	112990.6641	4.769999981	6.362999916	0.500526316	0.805894737
0.060154113	10.20224571	10.20224571	112967.7109	4.760000229	7.135000229	0.500526316	0.805894737
0.060211988	10.20220661	10.20220661	112983.3438	4.789999962	7.242000103	0.500526316	0.805894737
0.060269859	10.20234013	10.20234013	112958.8125	4.909999847	7.802000046	0.500526316	0.805894737
0.060327742	10.20221615	10.20221615	112944.4141	4.920000076	7.410999775	0.500526316	0.805894737
0.060385605	10.2024765	10.2024765	112941.3438	4.96999979	7.368000031	0.500526316	0.805894737
0.060443474	10.20227432	10.20227432	112939.8125	4.980000019	7.131000042	0.500526316	0.805894737
0.060501331	10.20240688	10.20240688	112948.125	5.079999924	7.25	0.500526316	0.805894737
0.060559202	10.20240784	10.20240784	112909.8125	5.059999943	7.288000107	0.500526316	0.805894737
0.060617084	10.20234489	10.20234489	112937.7422	5.079999924	7.467999935	0.500526316	0.805894737
0.060674942	10.20220757	10.20220757	112927.1172	5.110000134	7.262000084	0.500526316	0.805894737
0.060732822	10.20226955	10.20226955	112899.3672	5.150000095	7.933000088	0.500526316	0.805894737
0.060790679	10.20228291	10.20228291	112915.6641	5.230000019	7.632999897	0.500526316	0.805894737
0.060848561	10.20233059	10.20233059	112896.3359	5.300000191	7.453999996	0.500526316	0.805894737
0.060906425	10.20240784	10.20240784	112899.0469	5.400000095	7.380000114	0.500526316	0.805894737
0.060964283	10.2024107	10.2024107	112903.8203	5.570000172	7.796000004	0.500526316	0.805894737
0.061022163	10.20244789	10.20244789	112909.0703	5.570000172	8.159000397	0.500526316	0.805894737
0.06107999	10.20230389	10.20230389	112888.1797	5.579999924	7.936999798	0.500526316	0.805894737
0.061137858	10.20213223	10.20213223	112898.8984	5.610000134	7.713999748	0.500526316	0.805894737
0.061195771	10.20234489	10.20234489	112859.1797	5.659999847	7.786999703	0.500526316	0.805894737
0.061253625	10.20226765	10.20226765	112878.6172	5.690000057	8.295999527	0.500526316	0.805894737
0.061311507	10.20232105	10.20232105	112879.4453	5.739999771	8.012999535	0.500526316	0.805894737
0.061369362	10.2022543	10.2022543	112869.3828	5.789999962	7.722000122	0.500526316	0.805894737
0.061427232	10.20235634	10.20235634	112870.0234	5.829999924	7.571000099	0.500526316	0.805894737
0.061485109	10.20242596	10.20242596	112855.6484	5.880000114	7.491000176	0.500526316	0.805894737
0.061542981	10.20238686	10.20238686	112882.2344	5.880000114	7.456999779	0.500526316	0.805894737
0.061600855	10.20216465	10.20216465	112857.5547	5.860000134	7.370999813	0.500526316	0.805894737
0.061658718	10.20231438	10.20231438	112848.6953	5.900000095	7.289999962	0.500526316	0.805894737
0.061716587	10.20236111	10.20236111	112844.8906	5.889999867	7.397999764	0.500526316	0.805894737
0.061774454	10.20237923	10.20237923	112835.5	5.869999886	7.75699997	0.500526316	0.805894737
0.061832319	10.20238018	10.20238018	112823.8594	5.940000057	7.545000076	0.500526316	0.805894737
0.061890187	10.20218849	10.20218849	112836.3516	5.929999828	7.68200016	0.500526316	0.805894737
0.061948057	10.202384	10.202384	112836.8516	5.880000114	7.691999912	0.500526316	0.805894737
0.062005937	10.20244122	10.20244122	112832.1406	5.889999867	7.936999798	0.500526316	0.805894737
0.062063811	10.20236206	10.20236206	112825.1641	5.889999867	7.984000206	0.500526316	0.805894737
0.062121674	10.20232105	10.20232105	112810.0625	5.889999867	7.678999901	0.500526316	0.805894737
0.062179536	10.20226192	10.20226192	112820.3516	5.949999809	7.712999821	0.500526316	0.805894737
0.062237397	10.20234776	10.20234776	112803.4766	5.980000019	8.072999954	0.500526316	0.805894737
0.062295268	10.20218754	10.20218754	112796.8438	6	7.876999855	0.500526316	0.805894737
0.062353138	10.20234489	10.20234489	112803.0313	5.96999979	8.173000336	0.500526316	0.805894737
0.062411016	10.20245934	10.20245934	112805.6875	6.010000229	8.472000122	0.500526316	0.805894737
0.062468885	10.20239067	10.20239067	112800.2109	6.010000229	8.078000069	0.500526316	0.805894737
0.062526746	10.2023716	10.2023716	112794.25	6.010000229	8.038999558	0.500526316	0.805894737
0.062584614	10.20218563	10.20218563	112799.5156	6.029999733	8.06400013	0.500526316	0.805894737
0.062642493	10.20233536	10.20233536	112785.6328	6.079999924	7.775000095	0.500526316	0.805894737
0.062700363	10.20231056	10.20231056	112786.3203	6.150000095	7.541999817	0.500526316	0.805894737
0.062758227	10.20231438	10.20231438	112799.5859	6.070000172	7.349999905	0.500526316	0.805894737
0.062816096	10.20218563	10.20218563	112778.8047	6.010000229	7.264999867	0.500526316	0.805894737
0.062873957	10.20235157	10.20235157	112775.4141	5.96999979	7.191999912	0.500526316	0.805894737
0.062931821	10.20242691	10.20242691	112772.1719	5.929999828	7.718999863	0.500526316	0.805894737
0.062989685	10.20231724	10.20231724	112769.2891	6.029999733	7.656000137	0.500526316	0.805894737
0.063047556	10.20230293	10.20230293	112782.0391	6.050000191	7.434000015	0.500526316	0.805894737
0.063105431	10.20240307	10.20240307	112767.6953	6.110000134	7.749000073	0.500526316	0.805894737
0.063163309	10.20230961	10.20230961	112776.6016	6.170000076	7.698999882	0.500526316	0.805894737
0.063221163	10.20230675	10.20230675	112769.6094	6.25	7.829999924	0.500526316	0.805894737
0.063279147	10.20226479	10.20226479	112767.0469	6.210000038	7.69299984	0.500526316	0.805894737
0.063336911	10.20231247	10.20231247	112762.8281	6.21999979	7.37899971	0.500526316	0.805894737
0.06339478	10.20251656	10.20251656	112767.75	6.210000038	8.06099987	0.500526316	0.805894737
0.063452646	10.20233631	10.20233631	112752.5938	6.230000019	7.961999893	0.500526316	0.805894737
0.063510512	10.20231056	10.20231056	112757.9766	6.239999771	7.812999725	0.500526316	0.805894737
0.063568388	10.20226955	10.20226955	112741.8906	6.260000229	7.764999867	0.500526316	0.805894737
0.063626255	10.20235538	10.20235538	112748.4688	6.260000229	7.618999958	0.500526316	0.805894737
0.063684118	10.20230007	10.20230007	112751.6094	6.230000019	7.967999935	0.500526316	0.805894737
0.063742101	10.20233631	10.20233631	112760.5391	6.21999979	8.029999733	0.500526316	0.805894737
0.063799981	10.20226192	10.20226192	112734.0078	6.210000038	7.699999809	0.500526316	0.805894737
0.063857844	10.2024498	10.2024498	112719.9375	6.159999847	7.796000004	0.500526316	0.805894737
0.063915705	10.20234966	10.20234966	112722.9141	6.130000114	7.505000114	0.500526316	0.805894737
0.063973579	10.20230293	10.20230293	112710.7969	6.130000114	7.473999977	0.500526316	0.805894737
0.064031336	10.20222092	10.20222092	112717.3125	6.090000153	7.672999859	0.500526316	0.805894737
0.064089209	10.20232487	10.20232487	112720.3359	6.150000095	7.460999966	0.500526316	0.805894737
0.064147187	10.20228386	10.20228386	112732.2188	6.159999847	7.732999802	0.500526316	0.805894737
0.064205051	10.20234108	10.20234108	112718.3359	6.230000019	7.529999733	0.500526316	0.805894737
0.064262922	10.20235825	10.20235825	112731.1094	6.210000038	7.453999996	0.500526316	0.805894737
0.064320783	10.20246029	10.20246029	112741.6953	6.320000172	7.470999718	0.500526316	0.805894737
0.064378659	10.20236969	10.20236969	112750.3203	6.329999924	7.298999786	0.500526316	0.805894737
0.064436538	10.20242596	10.20242596	112757.8203	6.289999962	7.169000149	0.500526316	0.805894737
0.064494395	10.20222473	10.20222473	112761.875	6.289999962	7.103000164	0.500526316	0.805894737
0.064552255	10.2022562	10.2022562	112778.4297	6.329999924	7.540999889	0.500526316	0.805894737
0.064610126	10.20233059	10.20233059	112774.0859	6.440000057	7.46600008	0.500526316	0.805894737
0.064667978	10.2023201	10.2023201	112770.2578	6.429999828	7.302999973	0.500526316	0.805894737
0.064725833	10.20239067	10.20239067	112797.0078	6.340000153	7.126999855	0.500526316	0.805894737
0.064783753	10.20225716	10.20225716	112803.3281	6.510000229	7.032000065	0.500526316	0.805894737
0.064841612	10.20250034	10.20250034	112826.4297	6.519999981	7.479000092	0.500526316	0.805894737
0.064899499	10.20231915	10.20231915	112801.7891	6.409999847	7.892000198	0.500526316	0.805894737
0.064957357	10.20221806	10.20221806	112817.9297	6.409999847	7.468999863	0.500526316	0.805894737
0.065015235	10.20225906	10.20225906	112846.1484	6.409999847	7.146999836	0.500526316	0.805894737
0.065073117	10.20229435	10.20229435	112842.2578	6.409999847	7.011000156	0.500526316	0.805894737
0.065130972	10.20217991	10.20217991	112857.5859	6.71999979	6.926000118	0.500526316	0.805894737
0.065188844	10.20221615	10.20221615	112869.0234	6.579999924	7.051000118	0.500526316	0.805894737
0.065246731	10.20233059	10.20233059	112868.0078	6.529999733	7.051000118	0.500526316	0.805894737
0.065304586	10.2024765	10.2024765	112871.3516	6.46999979	6.904999733	0.500526316	0.805894737
0.065362479	10.20236301	10.20236301	112871.2109	6.449999809	7.407999992	0.500526316	0.805894737
0.065420342	10.20222759	10.20222759	112901	6.429999828	7.196000099	0.500526316	0.805894737
0.065478205	10.20223141	10.20223141	112881.5078	6.5	7.453000069	0.500526316	0.805894737
0.065536077	10.20234776	10.20234776	112912.625	6.480000019	7.770999908	0.500526316	0.805894737
0.065593968	10.20230484	10.20230484	112894.6406	6.429999828	7.433000088	0.500526316	0.805894737
0.065651839	10.20238876	10.20238876	112919.625	6.420000076	7.164999962	0.500526316	0.805894737
0.065709708	10.20236874	10.20236874	112908.875	6.449999809	7.058000088	0.500526316	0.805894737
0.065767574	10.20239067	10.20239067	112919.9063	6.380000114	7.558000088	0.500526316	0.805894737
0.065825452	10.20229244	10.20229244	112935.6328	6.449999809	7.368000031	0.500526316	0.805894737
0.06588333	10.20229912	10.20229912	112927.4688	6.360000134	7.362999916	0.500526316	0.805894737
0.065941188	10.20220661	10.20220661	112935.4219	6.329999924	7.934999943	0.500526316	0.805894737
0.065999061	10.20224476	10.20224476	112917.1406	6.239999771	7.94299984	0.500526316	0.805894737
0.066056927	10.20232964	10.20232964	112943.1484	6.239999771	7.395999908	0.500526316	0.805894737
0.066114816	10.20224571	10.20224571	112946.9141	6.230000019	7.461999893	0.500526316	0.805894737
0.066172675	10.20236206	10.20236206	112930.75	6.190000057	7.215000153	0.500526316	0.805894737
0.066230559	10.20246506	10.20246506	112940.7813	6.190000057	7.054999828	0.500526316	0.805894737
0.066288436	10.20241165	10.20241165	112935.2422	6.199999809	6.93599987	0.500526316	0.805894737
0.066346288	10.202384	10.202384	112967.375	6.190000057	7.171000004	0.500526316	0.805894737
0.066404168	10.20214653	10.20214653	112950.1563	6.139999867	7.080999851	0.500526316	0.805894737
0.066462056	10.2022171	10.2022171	112955.125	6.210000038	7.956999779	0.500526316	0.805894737
0.066519919	10.20227623	10.20227623	112961.1797	6.179999828	7.612999916	0.500526316	0.805894737
0.066577781	10.2022934	10.2022934	112987.1719	6.340000153	7.373000145	0.500526316	0.805894737
0.066635665	10.20235157	10.20235157	112976.3672	6.320000172	7.116000176	0.500526316	0.805894737
0.066693542	10.20227337	10.20227337	112968.6719	6.300000191	7.176000118	0.500526316	0.805894737
0.066751397	10.20237255	10.20237255	112979.7813	6.389999867	6.986000061	0.500526316	0.805894737
0.066809277	10.20235538	10.20235538	112982.9688	6.349999905	6.909999847	0.500526316	0.805894737
0.066867155	10.20223427	10.20223427	112988.5781	6.279999733	6.847000122	0.500526316	0.805894737
0.066925017	10.20226192	10.20226192	112983.3516	6.269999981	6.980000019	0.500526316	0.805894737
0.066982908	10.20236015	10.20236015	113010.6406	6.300000191	7.572000027	0.500526316	0.805894737
0.067040773	10.20219421	10.20219421	113003.7656	6.309999943	7.349999905	0.500526316	0.805894737
0.067098635	10.20233917	10.20233917	112983.8594	6.309999943	7.536999703	0.500526316	0.805894737
0.067156525	10.2022562	10.2022562	113012.9844	6.269999981	7.303999901	0.500526316	0.805894737
0.067214377	10.20253277	10.20253277	113019.8203	6.279999733	7.501999855	0.500526316	0.805894737
0.067272259	10.20229149	10.20229149	113020.4688	6.269999981	7.301000118	0.500526316	0.805894737
0.067330139	10.20237064	10.20237064	113002.8984	6.510000229	7.585999966	0.500526316	0.805894737
0.067388006	10.20222473	10.20222473	113041.3281	6.880000114	7.308000088	0.500526316	0.805894737
0.067445874	10.20231056	10.20231056	113048.1875	6.769999981	7.356999874	0.500526316	0.805894737
0.067503743	10.20227814	10.20227814	113018.8047	6.579999924	7.053999901	0.500526316	0.805894737
0.067561621	10.20228386	10.20228386	113053.1406	6.420000076	7.159999847	0.500526316	0.805894737
0.067619499	10.20225143	10.20225143	113043.1719	6.309999943	7.37899971	0.500526316	0.805894737
0.067677367	10.20234013	10.20234013	113035.6719	6.309999943	7.623000145	0.500526316	0.805894737
0.067735232	10.20245743	10.20245743	113047.3906	6.279999733	7.390999794	0.500526316	0.805894737
0.067793106	10.20228672	10.20228672	113044.3516	6.279999733	7.285999775	0.500526316	0.805894737
0.067850983	10.20229244	10.20229244	113059.9063	6.320000172	7.382999897	0.500526316	0.805894737
0.067908866	10.20234776	10.20234776	113051.2891	6.329999924	7.191999912	0.500526316	0.805894737
0.067966726	10.20225811	10.20225811	113059.1406	6.279999733	7.035999775	0.500526316	0.805894737
0.068024595	10.20227146	10.20227146	113052.7734	6.289999962	7.593999863	0.500526316	0.805894737
0.068082475	10.2022028	10.2022028	113058.5547	6.340000153	7.369999886	0.500526316	0.805894737
0.068140352	10.20230198	10.20230198	113073.3438	6.400000095	7.160999775	0.500526316	0.805894737
0.068198218	10.20243645	10.20243645	113053.2109	6.510000229	6.979000092	0.500526316	0.805894737
0.068256083	10.20236492	10.20236492	113068.4922	6.429999828	6.911999703	0.500526316	0.805894737
0.068313951	10.20222092	10.20222092	113068.7734	6.409999847	7.193999767	0.500526316	0.805894737
0.068371832	10.20226765	10.20226765	113081.2188	6.389999867	7.09100008	0.500526316	0.805894737
0.068429713	10.20234013	10.20234013	113081.0703	6.380000114	7.157999992	0.500526316	0.805894737
0.068487575	10.20230293	10.20230293	113079.4766	6.389999867	7.46600008	0.500526316	0.805894737
0.068545445	10.20227814	10.20227814	113086.0703	6.449999809	7.43599987	0.500526316	0.805894737
0.068603329	10.20231724	10.20231724	113079.6016	6.519999981	7.234000206	0.500526316	0.805894737
0.068661203	10.20239353	10.20239353	113104.9844	6.5	7.111999989	0.500526316	0.805894737
0.068719072	10.2024107	10.2024107	113085.0469	6.420000076	7.19299984	0.500526316	0.805894737
0.068776948	10.20223808	10.20223808	113101.7969	6.369999886	7.244999886	0.500526316	0.805894737
0.068834808	10.20223904	10.20223904	113108.2734	6.360000134	7.18200016	0.500526316	0.805894737
0.068892677	10.20221901	10.20221901	113114.6016	6.46999979	7.705999851	0.500526316	0.805894737
0.068950592	10.20231056	10.20231056	113118.1172	6.380000114	7.717000008	0.500526316	0.805894737
0.069008459	10.20228958	10.20228958	113097.0156	6.380000114	7.502999783	0.500526316	0.805894737
0.069066356	10.20228291	10.20228291	113102.25	6.369999886	7.271999836	0.500526316	0.805894737
0.069124272	10.20243454	10.20243454	113111.4531	6.369999886	7.139999867	0.500526316	0.805894737
0.069182069	10.20235443	10.20235443	113108.3906	6.480000019	7.154999733	0.500526316	0.805894737
0.069239948	10.20234108	10.20234108	113099.4609	6.440000057	7.242000103	0.500526316	0.805894737
0.069297886	10.20227051	10.20227051	113112.2734	6.389999867	7.326000214	0.500526316	0.805894737
0.069355757	10.2022295	10.2022295	113112.2734	6.369999886	7.621999741	0.500526316	0.805894737
0.069413624	10.20228863	10.20228863	113119.875	6.349999905	8.041999817	0.500526316	0.805894737
0.069471511	10.20229912	10.20229912	113093.2031	6.340000153	7.837999821	0.500526316	0.805894737
0.069529386	10.20227718	10.20227718	113133.5313	6.300000191	7.735000134	0.500526316	0.805894737
0.069587253	10.2023716	10.2023716	113121.125	6.300000191	7.940000057	0.500526316	0.805894737
0.069645129	10.20238781	10.20238781	113130.0547	6.289999962	7.517000198	0.500526316	0.805894737
