Day fraction since midnight on 	photometer (volts)	photometer (mg/L)	Source pressure (Pa)	Outlet Turb (NTU)	Inlet Turb (NTU)	Pump Control ()	Pump control backwash ()
0.082145732	10.20227814	10.20227814	112939.8203	1.440000057	0	0.500526316	0.805894737
0.082203612	10.20219517	10.20219517	112947.6953	1.529999971	0	0.500526316	0.805894737
0.08226148	10.20228863	10.20228863	112941.0547	2.190000057	0	0.500526316	0.805894737
0.082319354	10.20227718	10.20227718	112950.0703	3.680000067	0	0.500526316	0.805894737
0.082377212	10.20229054	10.20229054	112956.4141	3.24000001	0	0.500526316	0.805894737
0.0824351	10.20236206	10.20236206	112951.3359	2.700000048	0.275999993	0.500526316	0.805894737
0.082492961	10.20226192	10.20226192	112967.3438	2.109999895	1.822999954	0.500526316	0.805894737
0.082550845	10.20254135	10.20254135	112952.9063	1.659999967	4.260000229	0.500526316	0.805894737
0.082608716	10.20242977	10.20242977	112963.0391	1.819999933	5.496999741	0.500526316	0.805894737
0.082666579	10.20219994	10.20219994	112964.1797	1.519999981	6.566999912	0.500526316	0.805894737
0.082724461	10.20223713	10.20223713	112963.1328	1.319999933	7.180999756	0.500526316	0.805894737
0.082782333	10.20236683	10.20236683	112975.4688	1.110000014	7.789000034	0.500526316	0.805894737
0.082840205	10.20224953	10.20224953	112979.4609	1.129999995	8.218999863	0.500526316	0.805894737
0.082898066	10.20235825	10.20235825	112992.0938	1.289999962	8.948999405	0.500526316	0.805894737
0.082955934	10.20240879	10.20240879	112992.3359	1.139999986	9.843999863	0.500526316	0.805894737
0.083013818	10.2025013	10.2025013	112998.9453	1.019999981	10.65200043	0.500526316	0.805894737
0.083071676	10.2023077	10.2023077	113000.2266	1	10.51200008	0.500526316	0.805894737
0.083129554	10.20239925	10.20239925	113000.8906	0.889999986	11.57999992	0.500526316	0.805894737
0.083187419	10.20214653	10.20214653	112987.0234	0.810000002	10.70800018	0.500526316	0.805894737
0.0832453	10.2022953	10.2022953	113012.9922	0.769999981	9.633999825	0.500526316	0.805894737
0.083303159	10.20233154	10.20233154	113013.7734	0.75	9.206999779	0.500526316	0.805894737
0.083361042	10.20230865	10.20230865	113009.3672	0.899999976	9.225000382	0.500526316	0.805894737
0.083418925	10.20230865	10.20230865	113033.8672	1.019999981	9.166000366	0.500526316	0.805894737
0.08347679	10.20240879	10.20240879	113016.9453	0.909999967	8.600000382	0.500526316	0.805894737
0.083534653	10.20233536	10.20233536	113033.4375	1.009999991	8.015000343	0.500526316	0.805894737
0.083592525	10.20249558	10.20249558	113025.625	0.959999979	7.574999809	0.500526316	0.805894737
0.083650387	10.20220661	10.20220661	113052.4141	0.909999967	7.205999851	0.500526316	0.805894737
0.083708258	10.20237827	10.20237827	113049.2188	1.690000057	6.943999767	0.500526316	0.805894737
0.083766135	10.20228386	10.20228386	113051.0078	1.639999986	6.760000229	0.500526316	0.805894737
0.083824001	10.20234776	10.20234776	113050.3984	1.299999952	6.578999996	0.500526316	0.805894737
0.083881884	10.20230579	10.20230579	113056.1328	1.059999943	6.386000156	0.500526316	0.805894737
0.083939742	10.20234966	10.20234966	113059.9297	0.909999967	6.204999924	0.500526316	0.805894737
0.083997612	10.2024107	10.2024107	113052.4375	0.870000005	6.171000004	0.500526316	0.805894737
0.084055496	10.20233822	10.20233822	113057.0313	0.839999974	6.09100008	0.500526316	0.805894737
0.08411336	10.2022686	10.2022686	113032.1484	0.819999993	6.151000023	0.500526316	0.805894737
0.084171235	10.20220947	10.20220947	113055.9063	0.759999991	6.43599987	0.500526316	0.805894737
0.084229105	10.20237255	10.20237255	113051.6016	0.74000001	6.761000156	0.500526316	0.805894737
0.08428698	10.20229149	10.20229149	113054.6406	0.759999991	6.75699997	0.500526316	0.805894737
0.084344859	10.20223331	10.20223331	113057.5703	0.720000029	6.342000008	0.500526316	0.805894737
0.084402727	10.20226765	10.20226765	113034.8438	0.759999991	6.065000057	0.500526316	0.805894737
0.084460591	10.20251083	10.20251083	113055.4766	0.730000019	6.208000183	0.500526316	0.805894737
0.084518457	10.2022934	10.2022934	113061.9609	0.720000029	6.31799984	0.500526316	0.805894737
0.084576327	10.20234776	10.20234776	113082.625	0.709999979	6.459000111	0.500526316	0.805894737
0.084634199	10.2022028	10.2022028	113091.7109	0.689999998	6.980999947	0.500526316	0.805894737
0.084692076	10.20227051	10.20227051	113079.5703	0.689999998	6.445000172	0.500526316	0.805894737
0.084749959	10.20232487	10.20232487	113083.8203	0.689999998	6.144000053	0.500526316	0.805894737
0.084807821	10.20232964	10.20232964	113084.25	0.689999998	6.039999962	0.500526316	0.805894737
0.084865709	10.20232773	10.20232773	113092.2031	0.779999971	5.868999958	0.500526316	0.805894737
0.084923566	10.20239258	10.20239258	113098.6641	0.75	5.770999908	0.500526316	0.805894737
0.084981431	10.20250225	10.20250225	113090.3984	0.819999993	5.764999867	0.500526316	0.805894737
0.085039309	10.20236969	10.20236969	113085.2188	0.790000022	6.255000114	0.500526316	0.805894737
0.085097182	10.20221806	10.20221806	113105.8359	0.819999993	6.453999996	0.500526316	0.805894737
0.085155066	10.20227528	10.20227528	113095.3672	0.800000012	6.967000008	0.500526316	0.805894737
0.085212949	10.20229912	10.20229912	113096.5	0.819999993	6.848999977	0.500526316	0.805894737
0.085270874	10.20227623	10.20227623	113114.2109	0.850000024	7.248000145	0.500526316	0.805894737
0.085328721	10.20239353	10.20239353	113113.6328	1.24000001	6.621999741	0.500526316	0.805894737
0.085386603	10.20233631	10.20233631	113096.7031	1.319999933	6.267000198	0.500526316	0.805894737
0.085444484	10.20241737	10.20241737	113098.1172	1.230000019	6.149000168	0.500526316	0.805894737
0.085502289	10.20235825	10.20235825	113114.8672	1.069999933	5.900000095	0.500526316	0.805894737
0.085560161	10.20227337	10.20227337	113109.4766	1.610000014	5.892000198	0.500526316	0.805894737
0.085618086	10.20228672	10.20228672	113122.875	1.610000014	5.855000019	0.500526316	0.805894737
0.085675949	10.20225716	10.20225716	113123.6953	1.389999986	5.736999989	0.500526316	0.805894737
0.085733817	10.20229435	10.20229435	113117.8047	1.299999952	5.815999985	0.500526316	0.805894737
0.085791679	10.20229054	10.20229054	113125.2109	1.340000033	5.889999867	0.500526316	0.805894737
0.085849562	10.20230293	10.20230293	113120.8359	1.279999971	6.331999779	0.500526316	0.805894737
0.085907426	10.20247841	10.20247841	113121.0781	1.120000005	5.991000176	0.500526316	0.805894737
0.085965294	10.20241737	10.20241737	113123.7891	2.019999981	6.388000011	0.500526316	0.805894737
0.086023174	10.20219421	10.20219421	113143.1719	1.840000033	6.072999954	0.500526316	0.805894737
0.086081051	10.20229244	10.20229244	113122.3828	1.870000005	6.415999889	0.500526316	0.805894737
0.086138929	10.20236301	10.20236301	113111.8906	1.909999967	6.699999809	0.500526316	0.805894737
0.08619679	10.20226479	10.20226479	113126.1563	1.759999991	6.660999775	0.500526316	0.805894737
0.086254663	10.20234013	10.20234013	113135.9844	1.460000038	6.755000114	0.500526316	0.805894737
0.086312547	10.20227432	10.20227432	113126.9063	1.720000029	6.535999775	0.500526316	0.805894737
0.086370411	10.20248032	10.20248032	113118.9063	2.5	6.519999981	0.500526316	0.805894737
0.086428282	10.20233154	10.20233154	113126.7031	2.029999971	6.131000042	0.500526316	0.805894737
0.086486158	10.20225239	10.20225239	113134.9297	2.369999886	5.904999733	0.500526316	0.805894737
0.086544017	10.20224667	10.20224667	113135.6797	1.99000001	5.763999939	0.500526316	0.805894737
0.086601893	10.20230198	10.20230198	113127.7422	1.730000019	6.419000149	0.500526316	0.805894737
0.086659767	10.20232677	10.20232677	113137.0781	2.639999867	6.263999939	0.500526316	0.805894737
0.086717642	10.2022953	10.2022953	113138.7813	2.069999933	5.982999802	0.500526316	0.805894737
0.086775507	10.2022028	10.2022028	113146.4688	1.74000001	5.93599987	0.500526316	0.805894737
0.086833388	10.20232296	10.20232296	113134.6719	1.580000043	6.31799984	0.500526316	0.805894737
0.086891252	10.20235157	10.20235157	113128.9297	1.590000033	6.040999889	0.500526316	0.805894737
0.086949136	10.20236874	10.20236874	113142.2188	1.559999943	5.829999924	0.500526316	0.805894737
0.087006992	10.20222282	10.20222282	113158.2813	2.009999991	5.687999725	0.500526316	0.805894737
0.087064874	10.20231724	10.20231724	113151.2109	1.720000029	5.625999928	0.500526316	0.805894737
0.087122739	10.20229721	10.20229721	113156.3594	1.559999943	5.801000118	0.500526316	0.805894737
0.087180606	10.20233154	10.20233154	113173.9766	1.830000043	5.812999725	0.500526316	0.805894737
0.08723846	10.20223427	10.20223427	113164.1797	1.889999986	5.871999741	0.500526316	0.805894737
0.087296329	10.20237827	10.20237827	113161.6719	1.889999986	5.97300005	0.500526316	0.805894737
0.087354206	10.20239162	10.20239162	113169.7266	1.860000014	5.796999931	0.500526316	0.805894737
0.087412072	10.20230865	10.20230865	113156.5391	2.049999952	6.18599987	0.500526316	0.805894737
0.08747008	10.20222759	10.20222759	113163.5	1.769999981	6.429999828	0.500526316	0.805894737
0.087527821	10.202178	10.202178	113166.2578	1.610000014	6.092000008	0.500526316	0.805894737
0.0875857	10.20229816	10.20229816	113168.4453	2.839999914	6.547999859	0.500526316	0.805894737
0.087643569	10.2022543	10.2022543	113135.4609	2.230000019	6.626999855	0.500526316	0.805894737
0.08770145	10.20233822	10.20233822	113168.5078	1.929999948	6.186999798	0.500526316	0.805894737
0.087759324	10.20227337	10.20227337	113162.4453	1.769999981	6.458000183	0.500526316	0.805894737
0.087817186	10.20238876	10.20238876	113168.1484	2.700000048	6.199999809	0.500526316	0.805894737
0.087875052	10.20231056	10.20231056	113170.2109	2.700000048	5.90899992	0.500526316	0.805894737
0.087933035	10.2022028	10.2022028	113161.9922	2.380000114	5.794000149	0.500526316	0.805894737
0.087990877	10.20223331	10.20223331	113154.9297	2.380000114	5.761000156	0.500526316	0.805894737
0.088048756	10.20230293	10.20230293	113157.8984	2.220000029	6.000999928	0.500526316	0.805894737
0.088106617	10.20226097	10.20226097	113167.3516	2.869999886	5.921000004	0.500526316	0.805894737
0.088164483	10.20225048	10.20225048	113140.8672	2.519999981	6.31400013	0.500526316	0.805894737
0.088222364	10.20232582	10.20232582	113167.7031	2.549999952	5.974999905	0.500526316	0.805894737
0.088280246	10.20236874	10.20236874	113156.5078	2.279999971	6.211999893	0.500526316	0.805894737
0.088338039	10.20227432	10.20227432	113159.8672	1.99000001	6.125999928	0.500526316	0.805894737
0.088395921	10.20234013	10.20234013	113136.2266	2.569999933	5.920000076	0.500526316	0.805894737
0.088453793	10.20210648	10.20210648	113167.6406	2.639999867	6.277999878	0.500526316	0.805894737
0.088511648	10.20226192	10.20226192	113178.5703	2.650000095	6.032000065	0.500526316	0.805894737
0.088569528	10.20226955	10.20226955	113181.2813	3.480000019	5.795000076	0.500526316	0.805894737
0.088627396	10.20229054	10.20229054	113177.5078	3.400000095	5.644000053	0.500526316	0.805894737
0.088685381	10.20237827	10.20237827	113177	2.74000001	5.823999882	0.500526316	0.805894737
0.088743149	10.20245361	10.20245361	113172.7656	2.339999914	5.750999928	0.500526316	0.805894737
0.088801019	10.20236969	10.20236969	113199.5	2.079999924	6.06799984	0.500526316	0.805894737
0.088858906	10.20232296	10.20232296	113184.1797	2.059999943	6.046000004	0.500526316	0.805894737
0.088916768	10.20221806	10.20221806	113180.5781	2.139999867	5.788000107	0.500526316	0.805894737
0.088974642	10.20229054	10.20229054	113180.7891	1.970000029	6.139999867	0.500526316	0.805894737
0.089032514	10.20224476	10.20224476	113179.8438	1.889999986	5.883999825	0.500526316	0.805894737
0.089090392	10.202281	10.202281	113182.8672	1.840000033	6.102000237	0.500526316	0.805894737
0.089148257	10.20225143	10.20225143	113190.5547	1.860000014	6.007999897	0.500526316	0.805894737
0.089206141	10.20234871	10.20234871	113182.6953	1.850000024	5.794000149	0.500526316	0.805894737
0.08926412	10.20235729	10.20235729	113204.1328	1.850000024	5.775000095	0.500526316	0.805894737
0.089321872	10.20242691	10.20242691	113202.4609	1.899999976	5.702000141	0.500526316	0.805894737
0.089379757	10.20207691	10.20207691	113192.5547	1.899999976	6.020999908	0.500526316	0.805894737
0.089437615	10.20219612	10.20219612	113206.0313	1.919999957	6.085999966	0.500526316	0.805894737
0.089495496	10.20227432	10.20227432	113186.4609	2.039999962	5.805999756	0.500526316	0.805894737
0.089553361	10.20227623	10.20227623	113172.7422	2.039999962	6.151000023	0.500526316	0.805894737
0.089611245	10.20230293	10.20230293	113174.6563	2.069999933	6.176000118	0.500526316	0.805894737
0.089669214	10.20230675	10.20230675	113189.8125	2.119999886	5.867000103	0.500526316	0.805894737
0.089726981	10.20235634	10.20235634	113190.8359	2.160000086	5.751999855	0.500526316	0.805894737
0.089784855	10.2023344	10.2023344	113204.1328	2.150000095	5.703999996	0.500526316	0.805894737
0.089842829	10.20226765	10.20226765	113178.5859	2.279999971	5.612999916	0.500526316	0.805894737
0.089900592	10.20214653	10.20214653	113189.8047	2.5	5.555999756	0.500526316	0.805894737
0.089958571	10.20222855	10.20222855	113175.1875	2.670000076	5.587999821	0.500526316	0.805894737
0.090016465	10.20224571	10.20224571	113179.0625	2.49000001	5.616000176	0.500526316	0.805894737
0.09007432	10.20218277	10.20218277	113170.9453	2.539999962	5.800000191	0.500526316	0.805894737
0.090132084	10.2023592	10.2023592	113186.5	2.410000086	5.717000008	0.500526316	0.805894737
0.090189946	10.20245838	10.20245838	113188.0391	3.049999952	5.62899971	0.500526316	0.805894737
0.090247936	10.20228672	10.20228672	113173.5391	2.829999924	5.561999798	0.500526316	0.805894737
0.090305824	10.20229054	10.20229054	113178.5391	2.609999895	6.029999733	0.500526316	0.805894737
0.090363684	10.20221424	10.20221424	113186.9297	2.589999914	6.824999809	0.500526316	0.805894737
0.090421556	10.20227337	10.20227337	113185.0078	2.630000114	6.333000183	0.500526316	0.805894737
0.090479432	10.20226288	10.20226288	113165.6484	2.960000038	6.149000168	0.500526316	0.805894737
0.090537295	10.20235348	10.20235348	113184.6406	3.089999914	6.079999924	0.500526316	0.805894737
0.090595178	10.20232677	10.20232677	113190.5	3.119999886	6.03399992	0.500526316	0.805894737
0.090653046	10.20236969	10.20236969	113147.0469	2.809999943	6.098999977	0.500526316	0.805894737
0.090710912	10.20240688	10.20240688	113166.6641	3.359999895	5.886000156	0.500526316	0.805894737
0.090768797	10.20234776	10.20234776	113142.7891	3.009999991	6.036999703	0.500526316	0.805894737
0.090826667	10.20213127	10.20213127	113141.4063	3.150000095	6.02699995	0.500526316	0.805894737
0.090884533	10.20228577	10.20228577	113155.1797	2.970000029	5.868000031	0.500526316	0.805894737
0.090942402	10.20223522	10.20223522	113150.0625	3.349999905	5.921999931	0.500526316	0.805894737
0.091000273	10.20228386	10.20228386	113149.6016	3.569999933	5.987999916	0.500526316	0.805894737
0.091058157	10.20234776	10.20234776	113131.4141	3.809999943	5.809000015	0.500526316	0.805894737
0.091115957	10.20231438	10.20231438	113135.7188	3.369999886	6.000999928	0.500526316	0.805894737
0.091173844	10.20246124	10.20246124	113127.3125	3.150000095	5.870999813	0.500526316	0.805894737
0.091231767	10.20234585	10.20234585	113135.0703	3.029999971	5.729000092	0.500526316	0.805894737
0.09128964	10.20213127	10.20213127	113129.9141	3.420000076	5.635000229	0.500526316	0.805894737
0.091347486	10.20234013	10.20234013	113116.7188	3.680000067	5.565000057	0.500526316	0.805894737
0.091405337	10.20229054	10.20229054	113137.9453	3.49000001	5.647999764	0.500526316	0.805894737
0.091463219	10.20232391	10.20232391	113132.6953	3.160000086	5.712999821	0.500526316	0.805894737
0.091521098	10.20224953	10.20224953	113124.8828	3.849999905	5.693999767	0.500526316	0.805894737
0.091578958	10.20226765	10.20226765	113133.1016	3.529999971	5.630000114	0.500526316	0.805894737
0.091636845	10.20240784	10.20240784	113120.8125	3.24000001	5.578000069	0.500526316	0.805894737
0.091694713	10.20235348	10.20235348	113129.8125	3.599999905	5.547999859	0.500526316	0.805894737
0.091752585	10.20229054	10.20229054	113122.8672	3.190000057	5.507999897	0.500526316	0.805894737
0.091810453	10.20211315	10.20211315	113111.9844	3.059999943	5.485000134	0.500526316	0.805894737
0.091868328	10.20230865	10.20230865	113097.9531	3.230000019	6.229000092	0.500526316	0.805894737
0.091926203	10.20233536	10.20233536	113116.6797	3.329999924	5.930999756	0.500526316	0.805894737
0.091984071	10.20233631	10.20233631	113110.4609	3.109999895	5.837999821	0.500526316	0.805894737
0.092041946	10.20230484	10.20230484	113100.3125	4.199999809	6.072000027	0.500526316	0.805894737
0.092099818	10.20250607	10.20250607	113106.6016	3.880000114	6.151000023	0.500526316	0.805894737
0.09215769	10.20235825	10.20235825	113096.7891	3.420000076	5.965000153	0.500526316	0.805894737
0.092215544	10.20245743	10.20245743	113089.8672	3.24000001	6.270999908	0.500526316	0.805894737
0.092273434	10.20218182	10.20218182	113086.0781	3.920000076	6.039999962	0.500526316	0.805894737
0.092331294	10.20226479	10.20226479	113102.0391	3.74000001	5.823999882	0.500526316	0.805894737
0.092389159	10.20231152	10.20231152	113094.2188	3.509999991	5.857999802	0.500526316	0.805894737
0.092447047	10.20229244	10.20229244	113094.8125	3.25	5.710000038	0.500526316	0.805894737
0.092504903	10.20228386	10.20228386	113088.8203	3.069999933	5.647999764	0.500526316	0.805894737
0.092562786	10.20231533	10.20231533	113072.3203	2.980000019	6.154999733	0.500526316	0.805894737
0.092620647	10.2024498	10.2024498	113084.7813	2.920000076	5.922999859	0.500526316	0.805894737
0.09267853	10.20244503	10.20244503	113075.8828	3.200000048	6.508999825	0.500526316	0.805894737
0.092736387	10.20215988	10.20215988	113076.0156	3.049999952	6.720999718	0.500526316	0.805894737
0.092794263	10.20228863	10.20228863	113099.9844	3.349999905	6.626999855	0.500526316	0.805894737
0.092852166	10.2023077	10.2023077	113072.2734	3.359999895	6.996999741	0.500526316	0.805894737
0.092910037	10.20219994	10.20219994	113074.3203	3.289999962	6.400000095	0.500526316	0.805894737
0.092967902	10.20223618	10.20223618	113050.1875	3.49000001	6.376999855	0.500526316	0.805894737
0.093025778	10.20232105	10.20232105	113080.2188	3.519999981	6.027999878	0.500526316	0.805894737
0.093083647	10.20248604	10.20248604	113057.0859	3.859999895	5.843999863	0.500526316	0.805894737
0.093141529	10.20236015	10.20236015	113046.8984	3.639999867	6.006000042	0.500526316	0.805894737
0.093199394	10.20226383	10.20226383	113056.1719	3.630000114	6.145999908	0.500526316	0.805894737
0.093257254	10.20228004	10.20228004	113059.3906	3.389999867	6.215000153	0.500526316	0.805894737
0.093315131	10.20226288	10.20226288	113041.9453	3.24000001	5.936999798	0.500526316	0.805894737
0.09337302	10.20238018	10.20238018	113046.9219	3.130000114	5.755000114	0.500526316	0.805894737
0.093430887	10.20238972	10.20238972	113044.9063	3.069999933	5.811999798	0.500526316	0.805894737
0.093488749	10.20222092	10.20222092	113031.7969	3.049999952	5.738999844	0.500526316	0.805894737
0.093546629	10.20240593	10.20240593	113027.5859	3.210000038	5.78399992	0.500526316	0.805894737
0.093604484	10.20229435	10.20229435	113009.25	3.210000038	5.677999973	0.500526316	0.805894737
0.093662376	10.20230865	10.20230865	113005.1641	3.190000057	5.633999825	0.500526316	0.805894737
0.093720241	10.2022028	10.2022028	113001.2969	3.299999952	5.568999767	0.500526316	0.805894737
0.093778104	10.20231819	10.20231819	113011.3516	3.220000029	5.522999764	0.500526316	0.805894737
0.093835985	10.20235634	10.20235634	112990.3203	3.319999933	5.593999863	0.500526316	0.805894737
0.09389384	10.20225048	10.20225048	113011.6641	3.319999933	5.55700016	0.500526316	0.805894737
0.093951726	10.2022953	10.2022953	113015.4766	3.24000001	5.531000137	0.500526316	0.805894737
0.094009585	10.20247459	10.20247459	112993.8594	3.190000057	5.982999802	0.500526316	0.805894737
0.094067462	10.20237637	10.20237637	113007.5859	3.170000076	5.769000053	0.500526316	0.805894737
0.09412534	10.20223808	10.20223808	113004.0234	3.210000038	5.626999855	0.500526316	0.805894737
0.094183199	10.20211315	10.20211315	112976.5078	3.24000001	5.551000118	0.500526316	0.805894737
0.094241087	10.20236683	10.20236683	112978.0313	3.329999924	5.526000023	0.500526316	0.805894737
0.094298963	10.2023344	10.2023344	112969.4688	3.509999991	5.928999901	0.500526316	0.805894737
0.094356806	10.20233536	10.20233536	112995.6641	3.509999991	5.861000061	0.500526316	0.805894737
0.094414676	10.20228863	10.20228863	112972.8984	3.470000029	6.204999924	0.500526316	0.805894737
0.094472661	10.20226192	10.20226192	112980.4844	3.430000067	6.513999939	0.500526316	0.805894737
0.094530549	10.20247364	10.20247364	112970.9141	3.349999905	6.143000126	0.500526316	0.805894737
0.09458829	10.2023201	10.2023201	112958.1563	3.339999914	6.114999771	0.500526316	0.805894737
0.09464616	10.20226192	10.20226192	112934.8906	3.299999952	6.011000156	0.500526316	0.805894737
0.09470414	10.20229816	10.20229816	112964.2188	3.299999952	6.092999935	0.500526316	0.805894737
0.094761902	10.20217991	10.20217991	112957.4688	3.410000086	5.84100008	0.500526316	0.805894737
0.094819783	10.20231056	10.20231056	112964.1563	3.380000114	5.996999741	0.500526316	0.805894737
0.094877755	10.20231724	10.20231724	112958.8672	3.410000086	6.046000004	0.500526316	0.805894737
0.094935645	10.20223141	10.20223141	112962.0547	3.410000086	6.610000134	0.500526316	0.805894737
0.0949935	10.20245552	10.20245552	112927.3906	3.759999991	6.121999741	0.500526316	0.805894737
0.095051294	10.20236683	10.20236683	112950.1641	3.639999867	6.675000191	0.500526316	0.805894737
0.095109176	10.20221806	10.20221806	112945.2891	3.710000038	6.256000042	0.500526316	0.805894737
0.095167049	10.20228195	10.20228195	112939.25	3.630000114	5.926000118	0.500526316	0.805894737
0.095224906	10.20235062	10.20235062	112936.8281	3.539999962	5.724999905	0.500526316	0.805894737
0.095282793	10.20226002	10.20226002	112950.4922	3.470000029	5.664000034	0.500526316	0.805894737
0.095340656	10.20231438	10.20231438	112933.75	3.460000038	6.217999935	0.500526316	0.805894737
0.095398534	10.20230198	10.20230198	112918.7344	3.440000057	5.960000038	0.500526316	0.805894737
0.095456395	10.20238686	10.20238686	112919.5078	3.539999962	6.019999981	0.500526316	0.805894737
0.095514277	10.20238686	10.20238686	112906.6094	3.630000114	5.809999943	0.500526316	0.805894737
0.095572153	10.20221996	10.20221996	112931.7344	3.690000057	5.65899992	0.500526316	0.805894737
0.095630005	10.20230865	10.20230865	112907.1406	3.690000057	5.600999832	0.500526316	0.805894737
0.095687882	10.20230675	10.20230675	112923.9766	3.599999905	5.592000008	0.500526316	0.805894737
0.095745765	10.20224476	10.20224476	112889.625	3.559999943	5.644000053	0.500526316	0.805894737
0.095803628	10.20232105	10.20232105	112905.5234	3.559999943	5.583000183	0.500526316	0.805894737
0.095861518	10.20229816	10.20229816	112908	3.690000057	5.659999847	0.500526316	0.805894737
0.095919408	10.20237255	10.20237255	112880.5234	3.769999981	5.751999855	0.500526316	0.805894737
0.095977356	10.20226479	10.20226479	112895.6641	3.710000038	5.650000095	0.500526316	0.805894737
0.096035109	10.20238972	10.20238972	112869.5	3.670000076	5.595999718	0.500526316	0.805894737
0.096092977	10.20214748	10.20214748	112882.5	3.630000114	5.527999878	0.500526316	0.805894737
0.096150846	10.20232487	10.20232487	112869.8828	3.690000057	5.583000183	0.500526316	0.805894737
0.096208825	10.20223141	10.20223141	112885.0625	3.680000067	5.978000164	0.500526316	0.805894737
0.096266699	10.20228863	10.20228863	112864.4219	3.690000057	6.407999992	0.500526316	0.805894737
0.096324576	10.20230579	10.20230579	112862.9453	3.75	6.164000034	0.500526316	0.805894737
0.096382442	10.20227909	10.20227909	112833.3438	3.710000038	5.981999874	0.500526316	0.805894737
0.096440313	10.20235157	10.20235157	112837.8203	3.75	6.508999825	0.500526316	0.805894737
0.096498186	10.20226288	10.20226288	112846.2813	3.730000019	6.143000126	0.500526316	0.805894737
0.096555976	10.20222569	10.20222569	112815.1719	3.710000038	6.193999767	0.500526316	0.805894737
0.096613845	10.20222759	10.20222759	112823.4219	3.680000067	6.612999916	0.500526316	0.805894737
0.096671709	10.20235443	10.20235443	112831.0313	3.680000067	7.099999905	0.500526316	0.805894737
0.096729594	10.20235825	10.20235825	112818.8906	3.700000048	6.998000145	0.500526316	0.805894737
0.096787453	10.20234299	10.20234299	112824.1094	3.700000048	6.553999901	0.500526316	0.805894737
0.096845427	10.20236969	10.20236969	112833.0859	3.849999905	6.126999855	0.500526316	0.805894737
0.096903198	10.2024374	10.2024374	112805.6016	3.930000067	5.861000061	0.500526316	0.805894737
0.096961175	10.20227146	10.20227146	112819.2188	3.869999886	6.338999748	0.500526316	0.805894737
0.097019034	10.20232201	10.20232201	112801.5547	3.799999952	6.078000069	0.500526316	0.805894737
0.097076912	10.20223808	10.20223808	112790.2734	3.759999991	5.93200016	0.500526316	0.805894737
0.097134786	10.20227337	10.20227337	112798.5859	3.75	5.930999756	0.500526316	0.805894737
0.097192663	10.20223331	10.20223331	112805.4922	4.099999905	5.988999844	0.500526316	0.805894737
0.097250528	10.20224762	10.20224762	112798.0078	4.019999981	5.786999703	0.500526316	0.805894737
0.097308297	10.20216274	10.20216274	112812.125	4.070000172	6.104000092	0.500526316	0.805894737
0.097366268	10.2024107	10.2024107	112817.6953	4.059999943	5.988999844	0.500526316	0.805894737
0.097424154	10.20234489	10.20234489	112824.2344	3.970000029	6.014999867	0.500526316	0.805894737
0.097481951	10.2022419	10.2022419	112820.1875	4	5.776000023	0.500526316	0.805894737
0.097539824	10.20227337	10.20227337	112866.7109	4.029999733	6.529999733	0.500526316	0.805894737
0.097597695	10.202384	10.202384	112831.0313	4.070000172	6.393000126	0.500526316	0.805894737
0.097655573	10.20226288	10.20226288	112862.5781	4.029999733	6.036999703	0.500526316	0.805894737
0.097713442	10.20230865	10.20230865	112851.6406	3.940000057	5.811999798	0.500526316	0.805894737
0.097771312	10.20232105	10.20232105	112850.5234	4.039999962	5.701000214	0.500526316	0.805894737
0.097829231	10.20234871	10.20234871	112877.1719	3.960000038	5.673999786	0.500526316	0.805894737
0.097887109	10.20234394	10.20234394	112860.2578	3.910000086	5.683000088	0.500526316	0.805894737
0.097944981	10.20226955	10.20226955	112863.8516	4.360000134	6.059000015	0.500526316	0.805894737
0.098002837	10.20223713	10.20223713	112876.8984	4.179999828	6.111000061	0.500526316	0.805894737
0.098060719	10.20221996	10.20221996	112882.3516	4.070000172	5.896999836	0.500526316	0.805894737
0.098118575	10.20228958	10.20228958	112891.7656	4.019999981	5.835999966	0.500526316	0.805894737
0.098176456	10.20233727	10.20233727	112901.0391	4.179999828	5.988999844	0.500526316	0.805894737
0.098234322	10.20232868	10.20232868	112906.9375	4.139999867	6.460000038	0.500526316	0.805894737
0.098292206	10.20226383	10.20226383	112909.6953	4.090000153	6.093999863	0.500526316	0.805894737
0.098350068	10.20240116	10.20240116	112910.2344	4.199999809	5.927999973	0.500526316	0.805894737
0.098407957	10.20242214	10.20242214	112917.2422	4.320000172	6.290999889	0.500526316	0.805894737
0.098465818	10.20219994	10.20219994	112926.1172	4.389999867	6.400000095	0.500526316	0.805894737
0.098523678	10.20228291	10.20228291	112938.5313	4.409999847	6.080999851	0.500526316	0.805894737
0.098581557	10.20223522	10.20223522	112956.3281	4.429999828	6.421999931	0.500526316	0.805894737
0.098639437	10.20219231	10.20219231	112957.0781	4.449999809	6.369999886	0.500526316	0.805894737
0.098697306	10.20236969	10.20236969	112961.1484	4.320000172	6.013000011	0.500526316	0.805894737
0.098755166	10.20229244	10.20229244	112974.375	4.230000019	5.864999771	0.500526316	0.805894737
0.098813044	10.20244026	10.20244026	112974.0391	4.150000095	6.249000073	0.500526316	0.805894737
0.098870909	10.20238304	10.20238304	112979.4766	4.190000057	5.973999977	0.500526316	0.805894737
0.098928782	10.20223045	10.20223045	112964.625	4.170000076	6.343999863	0.500526316	0.805894737
0.098986659	10.20213127	10.20213127	112987.9922	4.309999943	6.193999767	0.500526316	0.805894737
0.099044534	10.20228481	10.20228481	112983.625	4.309999943	5.927999973	0.500526316	0.805894737
0.099102402	10.20231056	10.20231056	112979.875	4.610000134	5.742000103	0.500526316	0.805894737
0.099160265	10.20229816	10.20229816	112989.9531	4.639999867	5.776000023	0.500526316	0.805894737
0.099218143	10.20224094	10.20224094	112985.5938	4.869999886	5.815000057	0.500526316	0.805894737
0.099276016	10.20238876	10.20238876	112983.3906	4.639999867	5.743000031	0.500526316	0.805894737
0.099333895	10.2023344	10.2023344	112972.8984	4.480000019	5.654999733	0.500526316	0.805894737
0.099391769	10.20223713	10.20223713	112981.5078	4.659999847	5.675000191	0.500526316	0.805894737
0.099449631	10.20215416	10.20215416	112990.0703	4.460000038	5.708000183	0.500526316	0.805894737
0.099507506	10.20231056	10.20231056	113001.9453	4.360000134	5.676000118	0.500526316	0.805894737
0.099565386	10.20231628	10.20231628	113011.6406	4.309999943	5.624000073	0.500526316	0.805894737
0.099623256	10.2022543	10.2022543	113024.8516	4.300000191	5.583000183	0.500526316	0.805894737
0.099681126	10.20235729	10.20235729	113031.0859	4.289999962	5.593999863	0.500526316	0.805894737
0.099739	10.20231628	10.20231628	113012.1406	4.429999828	5.782000065	0.500526316	0.805894737
0.099796857	10.20243263	10.20243263	113032.8125	4.46999979	5.690000057	0.500526316	0.805894737
0.099854742	10.20240307	10.20240307	113040.375	4.409999847	5.624000073	0.500526316	0.805894737
0.099912622	10.20230198	10.20230198	113028.6172	4.349999905	5.573999882	0.500526316	0.805894737
0.099970454	10.20234871	10.20234871	113029.2734	4.820000172	5.940999985	0.500526316	0.805894737
0.100028322	10.20225716	10.20225716	113023.0781	4.779999733	6.040999889	0.500526316	0.805894737
0.100086191	10.20237541	10.20237541	113046.9688	4.570000172	6.328000069	0.500526316	0.805894737
0.100144043	10.20231915	10.20231915	113046.7422	4.550000191	6.028999806	0.500526316	0.805894737
0.100201926	10.20228672	10.20228672	113047.0625	4.429999828	6.143000126	0.500526316	0.805894737
0.100259794	10.2025547	10.2025547	113050.9766	4.409999847	5.993000031	0.500526316	0.805894737
0.100317775	10.20226479	10.20226479	113055.3203	4.409999847	5.914000034	0.500526316	0.805894737
0.100375668	10.20216656	10.20216656	113075.7188	4.480000019	5.847000122	0.500526316	0.805894737
0.10043341	10.20226479	10.20226479	113061.4844	4.5	5.770999908	0.500526316	0.805894737
0.100491411	10.20236301	10.20236301	113069.1328	4.5	5.793000221	0.500526316	0.805894737
0.100549261	10.20229054	10.20229054	113075.1406	4.71999979	5.723999977	0.500526316	0.805894737
0.100607035	10.20222759	10.20222759	113078.6406	4.639999867	5.742000103	0.500526316	0.805894737
0.100665007	10.2022686	10.2022686	113099.3438	4.539999962	5.718999863	0.500526316	0.805894737
0.100722777	10.20243168	10.20243168	113100.5625	4.529999733	5.643000126	0.500526316	0.805894737
0.100780649	10.20233536	10.20233536	113086.3203	4.590000153	5.625	0.500526316	0.805894737
0.10083864	10.20226955	10.20226955	113097.9297	4.650000095	5.625999928	0.500526316	0.805894737
0.100896391	10.2022028	10.2022028	113103.1172	4.570000172	6.098999977	0.500526316	0.805894737
0.100954362	10.20226192	10.20226192	113083.3516	4.579999924	5.975999832	0.500526316	0.805894737
0.101012243	10.20222759	10.20222759	113089.8047	4.579999924	5.826000214	0.500526316	0.805894737
0.101070111	10.20232201	10.20232201	113113.0859	4.670000076	6.127999783	0.500526316	0.805894737
0.101127993	10.20225525	10.20225525	113090.0781	4.690000057	6.044000149	0.500526316	0.805894737
0.101185847	10.2024622	10.2024622	113113.1719	4.809999943	6.104000092	0.500526316	0.805894737
0.101243736	10.20239735	10.20239735	113119.7266	4.730000019	6.105999947	0.500526316	0.805894737
0.101301598	10.2023716	10.2023716	113106.7109	4.630000114	6.290999889	0.500526316	0.805894737
0.101359468	10.20218468	10.20218468	113118.5703	4.550000191	5.945000172	0.500526316	0.805894737
0.101417346	10.20228386	10.20228386	113132.125	4.539999962	6.403999806	0.500526316	0.805894737
0.10147521	10.20227814	10.20227814	113117.0234	4.670000076	6.487999916	0.500526316	0.805894737
0.101533086	10.20226669	10.20226669	113129.25	4.630000114	6.111000061	0.500526316	0.805894737
0.101590967	10.20229054	10.20229054	113114.7656	4.590000153	5.980000019	0.500526316	0.805894737
0.101648827	10.20220661	10.20220661	113131.4297	4.900000095	5.853000164	0.500526316	0.805894737
0.101706645	10.20245743	10.20245743	113137.5234	4.869999886	5.953999996	0.500526316	0.805894737
0.101764507	10.20233345	10.20233345	113135.6563	4.71999979	6.183000088	0.500526316	0.805894737
0.101822408	10.20223999	10.20223999	113136.0938	4.730000019	5.930999756	0.500526316	0.805894737
0.101880287	10.20218182	10.20218182	113141.6484	4.650000095	5.815999985	0.500526316	0.805894737
0.10193816	10.20217133	10.20217133	113143.3359	4.760000229	5.961999893	0.500526316	0.805894737
0.101996022	10.20227242	10.20227242	113143.1094	4.639999867	6.149000168	0.500526316	0.805894737
0.102053901	10.20237064	10.20237064	113157.6719	4.71999979	5.90899992	0.500526316	0.805894737
0.102111769	10.20232201	10.20232201	113135.9688	4.739999771	6.119999886	0.500526316	0.805894737
0.102169626	10.20243263	10.20243263	113143.4375	4.690000057	5.916999817	0.500526316	0.805894737
0.102227509	10.20232105	10.20232105	113172.9844	4.659999847	5.725999832	0.500526316	0.805894737
0.102285382	10.20238495	10.20238495	113164.3516	4.619999886	6.584000111	0.500526316	0.805894737
0.102343246	10.20223522	10.20223522	113160.4531	4.869999886	6.164000034	0.500526316	0.805894737
0.102401117	10.20237446	10.20237446	113182.5156	4.779999733	5.959000111	0.500526316	0.805894737
0.102458981	10.20228291	10.20228291	113171.4219	4.739999771	5.760000229	0.500526316	0.805894737
0.102516859	10.20238304	10.20238304	113172.625	4.699999809	5.999000073	0.500526316	0.805894737
0.102574735	10.202281	10.202281	113164.0938	4.630000114	5.830999851	0.500526316	0.805894737
0.102632616	10.20243645	10.20243645	113177.0078	4.690000057	5.71999979	0.500526316	0.805894737
0.102690478	10.20241165	10.20241165	113173.6328	4.679999828	5.671999931	0.500526316	0.805894737
0.102748354	10.20233536	10.20233536	113184.6172	4.670000076	5.914000034	0.500526316	0.805894737
0.102806215	10.20218658	10.20218658	113186.8672	4.639999867	5.873000145	0.500526316	0.805894737
0.102864099	10.2022953	10.2022953	113148.3047	4.779999733	6.18599987	0.500526316	0.805894737
0.102921965	10.20233917	10.20233917	113178.8125	4.690000057	5.936999798	0.500526316	0.805894737
0.10297983	10.20234585	10.20234585	113159.3281	4.690000057	5.778999806	0.500526316	0.805894737
0.103037705	10.20224857	10.20224857	113173.2656	4.659999847	6.447000027	0.500526316	0.805894737
0.10309561	10.20238209	10.20238209	113183.4219	4.659999847	6.078999996	0.500526316	0.805894737
0.103153478	10.20244598	10.20244598	113168.2813	4.650000095	6.050000191	0.500526316	0.805894737
0.103211397	10.20230675	10.20230675	113191.9688	4.650000095	5.84800005	0.500526316	0.805894737
0.103269263	10.2021904	10.2021904	113162.4453	4.779999733	6.475999832	0.500526316	0.805894737
0.103327135	10.20225334	10.20225334	113189.6641	4.820000172	6.717000008	0.500526316	0.805894737
0.103385013	10.20232296	10.20232296	113195.625	4.730000019	6.328000069	0.500526316	0.805894737
0.10344289	10.202281	10.202281	113190.0547	4.71999979	5.994999886	0.500526316	0.805894737
0.103500767	10.20227814	10.20227814	113194.9375	5.079999924	6.328999996	0.500526316	0.805894737
0.103558635	10.20233727	10.20233727	113170.4141	5.099999905	6.678999901	0.500526316	0.805894737
0.103616499	10.20238686	10.20238686	113185.0313	5.050000191	6.196000099	0.500526316	0.805894737
0.103674364	10.20245838	10.20245838	113168.9531	4.929999828	6.119999886	0.500526316	0.805894737
0.10373223	10.20219231	10.20219231	113191.1563	4.849999905	5.901000023	0.500526316	0.805894737
0.103790105	10.20226765	10.20226765	113191.2344	4.779999733	6.371999741	0.500526316	0.805894737
0.103847974	10.20233917	10.20233917	113188.4141	4.730000019	6.05700016	0.500526316	0.805894737
0.103905845	10.20230198	10.20230198	113191.6484	4.699999809	6.111000061	0.500526316	0.805894737
0.103963727	10.20238018	10.20238018	113197.8359	4.690000057	5.861000061	0.500526316	0.805894737
0.104021609	10.20226288	10.20226288	113203.3359	4.71999979	6.736999989	0.500526316	0.805894737
0.104079464	10.20248604	10.20248604	113167.1797	4.710000038	6.907999992	0.500526316	0.805894737
0.104137342	10.20242596	10.20242596	113185.4609	4.730000019	6.455999851	0.500526316	0.805894737
0.104195214	10.20215988	10.20215988	113179.2031	4.760000229	6.328999996	0.500526316	0.805894737
0.104253084	10.20223141	10.20223141	113184.4453	4.730000019	6.013999939	0.500526316	0.805894737
0.104310958	10.20231724	10.20231724	113182.8984	4.730000019	5.914999962	0.500526316	0.805894737
0.104368837	10.2022562	10.2022562	113172.4609	4.769999981	5.886000156	0.500526316	0.805894737
0.104426703	10.20230865	10.20230865	113172.3125	4.880000114	5.742000103	0.500526316	0.805894737
0.104484535	10.20226002	10.20226002	113190.0234	4.829999924	5.815999985	0.500526316	0.805894737
0.104542396	10.20239639	10.20239639	113176.8984	4.789999962	5.77699995	0.500526316	0.805894737
0.104600297	10.20230007	10.20230007	113188.9453	4.809999943	6.387000084	0.500526316	0.805894737
0.104658164	10.20234299	10.20234299	113174.7578	4.880000114	6.072000027	0.500526316	0.805894737
0.104716045	10.20218182	10.20218182	113175.5625	4.889999867	6.179999828	0.500526316	0.805894737
0.104773918	10.20226955	10.20226955	113158.6484	4.909999847	6.388999939	0.500526316	0.805894737
0.104831838	10.2022419	10.2022419	113175.3203	4.920000076	6.068999767	0.500526316	0.805894737
0.104889605	10.20237732	10.20237732	113149	4.929999828	5.861999989	0.500526316	0.805894737
0.104947585	10.2022438	10.2022438	113173.8906	4.96999979	5.749000073	0.500526316	0.805894737
0.105005449	10.20223141	10.20223141	113167.2422	4.929999828	5.78399992	0.500526316	0.805894737
0.105063322	10.20240593	10.20240593	113152.1719	4.940000057	5.684000015	0.500526316	0.805894737
0.105121196	10.20238018	10.20238018	113156.2578	4.949999809	5.657000065	0.500526316	0.805894737
0.105179079	10.20222855	10.20222855	113162.3203	4.920000076	5.605999947	0.500526316	0.805894737
0.105236943	10.20232105	10.20232105	113175.5703	4.949999809	5.576000214	0.500526316	0.805894737
0.105294807	10.20227528	10.20227528	113169.875	4.920000076	5.885000229	0.500526316	0.805894737
0.105352696	10.20222282	10.20222282	113173.5078	4.929999828	5.892000198	0.500526316	0.805894737
0.10541055	10.20243549	10.20243549	113165.8828	4.949999809	6.375999928	0.500526316	0.805894737
0.105468438	10.20234394	10.20234394	113177.5469	4.989999771	6.126999855	0.500526316	0.805894737
0.105526314	10.20242214	10.20242214	113176.9297	4.989999771	6.153999806	0.500526316	0.805894737
0.105584189	10.20237446	10.20237446	113176.0156	4.949999809	6.520999908	0.500526316	0.805894737
0.105642052	10.20224953	10.20224953	113172.9609	4.940000057	6.31799984	0.500526316	0.805894737
0.105699909	10.20215416	10.20215416	113159.2109	4.929999828	6.668000221	0.500526316	0.805894737
0.105757789	10.20230293	10.20230293	113159.7734	5.029999733	6.265999794	0.500526316	0.805894737
0.105815664	10.2022419	10.2022419	113163.1719	5.199999809	6.001999855	0.500526316	0.805894737
0.105873546	10.20236397	10.20236397	113156.4297	5.079999924	6.46999979	0.500526316	0.805894737
0.105931414	10.20227909	10.20227909	113163.8125	5.050000191	6.218999863	0.500526316	0.805894737
0.105989285	10.20246124	10.20246124	113142.2813	5.230000019	6.392000198	0.500526316	0.805894737
0.106047145	10.20245075	10.20245075	113164.7344	5.279999733	6.276000023	0.500526316	0.805894737
0.106105031	10.2022562	10.2022562	113164.1172	5.139999867	5.96999979	0.500526316	0.805894737
0.106162889	10.2022438	10.2022438	113157.5703	5.25	6.099999905	0.500526316	0.805894737
0.106220697	10.20226288	10.20226288	113142.9922	5.150000095	5.975999832	0.500526316	0.805894737
0.106278575	10.20228672	10.20228672	113146.125	5.099999905	5.756000042	0.500526316	0.805894737
0.106336437	10.2023325	10.2023325	113147.5156	5.079999924	5.833000183	0.500526316	0.805894737
0.106394329	10.20233059	10.20233059	113127.8672	5.110000134	6.119999886	0.500526316	0.805894737
0.106452187	10.20258617	10.20258617	113151.3438	5.029999733	6.360000134	0.500526316	0.805894737
0.106510065	10.20238686	10.20238686	113150.25	5.119999886	6.090000153	0.500526316	0.805894737
0.106567944	10.2023592	10.2023592	113144.6797	5.340000153	5.883999825	0.500526316	0.805894737
0.106625804	10.20211029	10.20211029	113133.1328	5.400000095	5.730000019	0.500526316	0.805894737
0.106683724	10.20229912	10.20229912	113124.0469	5.460000038	5.657999992	0.500526316	0.805894737
0.106741601	10.20230675	10.20230675	113126.8359	5.449999809	5.654999733	0.500526316	0.805894737
0.106799465	10.20229435	10.20229435	113134.3203	5.300000191	5.664000034	0.500526316	0.805894737
0.106857338	10.20230389	10.20230389	113128.375	5.210000038	5.605000019	0.500526316	0.805894737
0.106915215	10.20230961	10.20230961	113111.4766	5.139999867	6.508999825	0.500526316	0.805894737
0.106973094	10.20240307	10.20240307	113109.0156	5.170000076	6.125999928	0.500526316	0.805894737
0.107030948	10.20230675	10.20230675	113121.375	5.269999981	5.894000053	0.500526316	0.805894737
0.107088835	10.20214081	10.20214081	113114.3594	5.230000019	6.048999786	0.500526316	0.805894737
0.107146713	10.20232964	10.20232964	113118.7344	5.340000153	6.018000126	0.500526316	0.805894737
0.107204582	10.20229054	10.20229054	113124.4531	5.239999771	5.855999947	0.500526316	0.805894737
0.107262446	10.20219231	10.20219231	113101.5703	5.210000038	5.736999989	0.500526316	0.805894737
0.107320318	10.20228386	10.20228386	113092.8984	5.159999847	6.331999779	0.500526316	0.805894737
0.10737819	10.20235825	10.20235825	113100.1172	5.079999924	6.039000034	0.500526316	0.805894737
0.10743606	10.20240402	10.20240402	113095.8125	5.050000191	5.867000103	0.500526316	0.805894737
0.107493925	10.20231056	10.20231056	113108.6641	5.010000229	5.75	0.500526316	0.805894737
0.107551816	10.20224094	10.20224094	113085.5625	5.029999733	5.675000191	0.500526316	0.805894737
0.107609666	10.20223999	10.20223999	113096.5703	5.039999962	6.244999886	0.500526316	0.805894737
0.107667545	10.20223713	10.20223713	113111.7188	5.019999981	6.007999897	0.500526316	0.805894737
0.107725421	10.20229816	10.20229816	113107.0156	5.050000191	7.105000019	0.500526316	0.805894737
0.107783285	10.2022295	10.2022295	113100.6094	5.010000229	6.894999981	0.500526316	0.805894737
0.107841152	10.20222569	10.20222569	113100.8359	5.010000229	6.34499979	0.500526316	0.805894737
0.10789903	10.20250416	10.20250416	113114.2188	5.090000153	6.020999908	0.500526316	0.805894737
0.107956907	10.20234203	10.20234203	113081.9531	5.079999924	5.859000206	0.500526316	0.805894737
0.10801479	10.20229912	10.20229912	113088.0547	5.070000172	5.734000206	0.500526316	0.805894737
0.108072655	10.20214653	10.20214653	113077.4688	5.090000153	5.660999775	0.500526316	0.805894737
0.108130528	10.20236397	10.20236397	113083.8438	5.110000134	5.906000137	0.500526316	0.805894737
0.108188452	10.20230293	10.20230293	113089.8672	5.130000114	5.963999748	0.500526316	0.805894737
0.108246332	10.20236683	10.20236683	113084.9609	5.230000019	5.97300005	0.500526316	0.805894737
0.108304187	10.20225811	10.20225811	113099.4297	5.210000038	5.828000069	0.500526316	0.805894737
0.108362072	10.20239449	10.20239449	113081.9688	5.199999809	5.710999966	0.500526316	0.805894737
0.108419933	10.20235062	10.20235062	113090.875	5.190000057	5.631000042	0.500526316	0.805894737
0.108477821	10.20246696	10.20246696	113068.8984	5.150000095	5.644000053	0.500526316	0.805894737
0.108535686	10.2022438	10.2022438	113065.0938	5.409999847	6.27699995	0.500526316	0.805894737
0.108593563	10.20227718	10.20227718	113064.5859	5.340000153	6.006000042	0.500526316	0.805894737
0.108651436	10.20236683	10.20236683	113067.2031	5.519999981	5.866000176	0.500526316	0.805894737
0.108709314	10.20231342	10.20231342	113058.1641	5.449999809	5.830999851	0.500526316	0.805894737
0.108767172	10.2022934	10.2022934	113046.6172	5.289999962	6.426000118	0.500526316	0.805894737
0.108825051	10.20224476	10.20224476	113062.9141	5.21999979	6.097000122	0.500526316	0.805894737
0.108882925	10.20241737	10.20241737	113038.8516	5.190000057	5.897999764	0.500526316	0.805894737
0.108940782	10.2023716	10.2023716	113058.9141	5.139999867	6.360000134	0.500526316	0.805894737
0.108998652	10.20234013	10.20234013	113068.5547	5.150000095	6.022999764	0.500526316	0.805894737
0.109056531	10.20230675	10.20230675	113038.5938	5.130000114	6.070000172	0.500526316	0.805894737
0.109114416	10.20240974	10.20240974	113051.8359	5.329999924	5.900000095	0.500526316	0.805894737
0.109172269	10.20233345	10.20233345	113045.9844	5.360000134	6.074999809	0.500526316	0.805894737
0.109230159	10.20236397	10.20236397	113064.9766	5.269999981	5.87899971	0.500526316	0.805894737
0.109288023	10.20229435	10.20229435	113036.4922	5.269999981	6.080999851	0.500526316	0.805894737
0.109345888	10.2024641	10.2024641	113032.9609	5.380000114	6.135000229	0.500526316	0.805894737
0.109403694	10.20236874	10.20236874	113044.6953	5.329999924	6.018000126	0.500526316	0.805894737
0.109461673	10.20236397	10.20236397	113030.8359	5.329999924	5.882999897	0.500526316	0.805894737
0.109519433	10.20221233	10.20221233	113044.1328	5.260000229	6.460999966	0.500526316	0.805894737
0.109577413	10.20230007	10.20230007	113014.6016	5.239999771	6.25	0.500526316	0.805894737
0.109635181	10.20230865	10.20230865	113036.1172	5.289999962	5.960000038	0.500526316	0.805894737
0.109693159	10.20240688	10.20240688	113017.6406	5.260000229	5.84100008	0.500526316	0.805894737
0.109751031	10.20226669	10.20226669	113025.7656	5.21999979	6.213999748	0.500526316	0.805894737
0.109808795	10.20242786	10.20242786	113017.1719	5.199999809	5.934000015	0.500526316	0.805894737
0.109866771	10.20242691	10.20242691	112992.8203	5.279999733	5.769999981	0.500526316	0.805894737
0.109924652	10.20233345	10.20233345	112998.3984	5.400000095	5.870999813	0.500526316	0.805894737
0.109982525	10.20214558	10.20214558	112995.0781	5.329999924	5.739999771	0.500526316	0.805894737
0.110040397	10.20236588	10.20236588	113001.2578	5.489999771	5.651000023	0.500526316	0.805894737
0.110098267	10.20229721	10.20229721	112982.3672	5.429999828	6.051000118	0.500526316	0.805894737
0.110156139	10.20227337	10.20227337	112995.3281	5.489999771	5.909999847	0.500526316	0.805894737
0.110214014	10.20245171	10.20245171	112979.6719	5.429999828	5.755000114	0.500526316	0.805894737
0.110271885	10.2023592	10.2023592	112971.8438	5.360000134	5.80700016	0.500526316	0.805894737
0.110329755	10.20246506	10.20246506	112964.2266	5.309999943	6.710000038	0.500526316	0.805894737
0.110387618	10.20232105	10.20232105	112974.3359	5.269999981	6.290999889	0.500526316	0.805894737
0.110445496	10.20221615	10.20221615	112984.6484	5.199999809	5.97300005	0.500526316	0.805894737
0.110503378	10.20228863	10.20228863	112976.2188	5.170000076	5.797999859	0.500526316	0.805894737
0.11056124	10.20227146	10.20227146	112965.2109	5.269999981	5.71999979	0.500526316	0.805894737
0.110619104	10.20231819	10.20231819	112970.8828	5.260000229	5.672999859	0.500526316	0.805894737
0.110676979	10.20239735	10.20239735	112964.3281	5.25	5.653999806	0.500526316	0.805894737
0.110734854	10.20230865	10.20230865	112956.9844	5.239999771	5.605000019	0.500526316	0.805894737
0.110792667	10.20240402	10.20240402	112949.2813	5.25	5.584000111	0.500526316	0.805894737
0.110850544	10.20225906	10.20225906	112966.1094	5.269999981	5.577000141	0.500526316	0.805894737
0.110908448	10.20216656	10.20216656	112932.8125	5.340000153	5.80700016	0.500526316	0.805894737
0.110966322	10.20230675	10.20230675	112936.4609	5.349999905	5.703999996	0.500526316	0.805894737
0.111024181	10.20235729	10.20235729	112930.0078	5.340000153	5.632999897	0.500526316	0.805894737
0.111082058	10.20228767	10.20228767	112929.5	5.289999962	5.598999977	0.500526316	0.805894737
0.111139923	10.20223999	10.20223999	112928.1172	5.300000191	6.455999851	0.500526316	0.805894737
0.111197806	10.20227051	10.20227051	112922.6953	5.269999981	6.179999828	0.500526316	0.805894737
0.111255674	10.20231628	10.20231628	112933.9766	5.429999828	5.921000004	0.500526316	0.805894737
0.111313547	10.20240974	10.20240974	112905.4531	5.409999847	5.763999939	0.500526316	0.805894737
0.111371406	10.20229435	10.20229435	112892.4531	5.429999828	5.677000046	0.500526316	0.805894737
0.111429267	10.20228863	10.20228863	112884.3125	5.400000095	5.986000061	0.500526316	0.805894737
0.111487145	10.20228386	10.20228386	112897.0547	5.429999828	6.385000229	0.500526316	0.805894737
0.111545027	10.20230103	10.20230103	112895.7344	5.349999905	6.044000149	0.500526316	0.805894737
0.111602889	10.20232582	10.20232582	112886.9453	5.360000134	6.038000107	0.500526316	0.805894737
0.111660765	10.20225239	10.20225239	112892.8672	5.320000172	5.934000015	0.500526316	0.805894737
0.11171865	10.20239067	10.20239067	112893.0313	5.489999771	5.802000046	0.500526316	0.805894737
0.111776515	10.20239353	10.20239353	112883.3203	5.409999847	6.18599987	0.500526316	0.805894737
0.111834386	10.20231247	10.20231247	112861.625	5.380000114	5.943999767	0.500526316	0.805894737
0.111892242	10.20217037	10.20217037	112877.7969	5.380000114	5.778999806	0.500526316	0.805894737
0.111950124	10.20242786	10.20242786	112870.0703	5.360000134	6.077000141	0.500526316	0.805894737
0.112008004	10.20229149	10.20229149	112869.5703	5.320000172	5.850999832	0.500526316	0.805894737
0.112065878	10.20226192	10.20226192	112876.8828	5.289999962	5.704999924	0.500526316	0.805894737
0.112123731	10.20237827	10.20237827	112853.1875	5.300000191	5.736000061	0.500526316	0.805894737
0.112181582	10.20232868	10.20232868	112867.5703	5.300000191	5.801000118	0.500526316	0.805894737
0.112239449	10.20246983	10.20246983	112852.1953	5.400000095	6.077000141	0.500526316	0.805894737
0.112297436	10.20228481	10.20228481	112850.6875	5.369999886	5.94299984	0.500526316	0.805894737
0.1123552	10.20218372	10.20218372	112849.2734	5.409999847	5.894999981	0.500526316	0.805894737
0.112413192	10.20232296	10.20232296	112867.5234	5.409999847	6.383999825	0.500526316	0.805894737
0.112470941	10.20233631	10.20233631	112859.0156	5.389999867	6.039000034	0.500526316	0.805894737
0.112528812	10.2022419	10.2022419	112836.9453	5.340000153	5.833000183	0.500526316	0.805894737
0.112586798	10.20237255	10.20237255	112847.3359	5.400000095	6.443999767	0.500526316	0.805894737
0.112644659	10.20231724	10.20231724	112819.5	5.460000038	6.303999901	0.500526316	0.805894737
0.112702538	10.20246601	10.20246601	112830.8828	5.409999847	6.28399992	0.500526316	0.805894737
0.112760304	10.20226192	10.20226192	112811	5.389999867	6.035999775	0.500526316	0.805894737
0.11281828	10.20223999	10.20223999	112801.1406	5.400000095	5.945000172	0.500526316	0.805894737
0.112876154	10.20220852	10.20220852	112796.5625	5.400000095	5.852000237	0.500526316	0.805894737
0.112934035	10.20232677	10.20232677	112802.7656	5.539999962	6.228000164	0.500526316	0.805894737
0.112991896	10.20223141	10.20223141	112787.375	5.489999771	6.270999908	0.500526316	0.805894737
0.113049778	10.20229435	10.20229435	112798.3359	5.510000229	6.375999928	0.500526316	0.805894737
0.113107643	10.20231438	10.20231438	112791.1172	5.5	6.066999912	0.500526316	0.805894737
0.113165504	10.20242596	10.20242596	112775.6797	5.559999943	5.889999867	0.500526316	0.805894737
0.113223388	10.20227623	10.20227623	112789.625	5.539999962	5.842000008	0.500526316	0.805894737
0.113281262	10.20221806	10.20221806	112770.1016	5.539999962	5.937999725	0.500526316	0.805894737
0.113339132	10.20210743	10.20210743	112773.6094	5.519999981	6.146999836	0.500526316	0.805894737
0.113396991	10.2022934	10.2022934	112788.3984	5.610000134	6.065000057	0.500526316	0.805894737
0.113454884	10.20240307	10.20240307	112797.6797	5.559999943	5.868999958	0.500526316	0.805894737
0.113512737	10.20236397	10.20236397	112798.0234	5.659999847	5.742000103	0.500526316	0.805894737
0.113570624	10.20232677	10.20232677	112794.3359	5.590000153	5.677000046	0.500526316	0.805894737
0.113628492	10.20243359	10.20243359	112821.4063	5.489999771	6.31799984	0.500526316	0.805894737
0.113686363	10.20240211	10.20240211	112807.6953	5.449999809	6.059999943	0.500526316	0.805894737
0.113744221	10.20242119	10.20242119	112834.4063	5.480000019	5.859000206	0.500526316	0.805894737
0.113802097	10.20226955	10.20226955	112840.8906	5.559999943	5.745999813	0.500526316	0.805894737
0.113859968	10.20230579	10.20230579	112832.1563	5.579999924	5.702000141	0.500526316	0.805894737
0.113917851	10.2023592	10.2023592	112840.6406	5.510000229	6.224999905	0.500526316	0.805894737
0.11397571	10.20230484	10.20230484	112846.3281	5.550000191	6.297999859	0.500526316	0.805894737
0.114033583	10.20234776	10.20234776	112859.8281	5.659999847	5.974999905	0.500526316	0.805894737
0.114091468	10.20219231	10.20219231	112851.875	5.599999905	6.363999844	0.500526316	0.805894737
0.11414931	10.20240021	10.20240021	112854.6719	5.889999867	6.31400013	0.500526316	0.805894737
0.114207179	10.20231056	10.20231056	112863.8828	6.090000153	6.446000099	0.500526316	0.805894737
0.114265008	10.20215034	10.20215034	112871.6328	5.829999924	6.131000042	0.500526316	0.805894737
0.114322865	10.20230293	10.20230293	112873.4297	5.710000038	5.907000065	0.500526316	0.805894737
0.114380753	10.20233727	10.20233727	112872.2813	5.619999886	5.802999973	0.500526316	0.805894737
0.114438619	10.20221901	10.20221901	112884.0469	5.559999943	6.316999912	0.500526316	0.805894737
0.114496489	10.20223713	10.20223713	112892.4766	5.610000134	6.015999794	0.500526316	0.805894737
0.114554475	10.20226765	10.20226765	112911.6172	5.710000038	6.111000061	0.500526316	0.805894737
0.114612229	10.2024765	10.2024765	112879.3359	5.75	5.919000149	0.500526316	0.805894737
0.114670105	10.20239544	10.20239544	112898.5078	5.679999828	5.838999748	0.500526316	0.805894737
0.114727985	10.20232773	10.20232773	112901.5703	5.809999943	5.800000191	0.500526316	0.805894737
0.114785959	10.20223236	10.20223236	112912.6875	5.71999979	5.731999874	0.500526316	0.805894737
0.114843828	10.20235348	10.20235348	112897.6094	5.670000076	5.855999947	0.500526316	0.805894737
0.114901702	10.20229816	10.20229816	112929.2734	5.610000134	5.720999718	0.500526316	0.805894737
0.11495957	10.20231724	10.20231724	112920.4453	5.579999924	6.178999901	0.500526316	0.805894737
0.115017462	10.20232677	10.20232677	112946.7422	5.570000172	5.940999985	0.500526316	0.805894737
0.115075311	10.2024498	10.2024498	112939.125	5.699999809	5.820000172	0.500526316	0.805894737
0.115133191	10.20240211	10.20240211	112928.2891	5.670000076	6.124000073	0.500526316	0.805894737
0.115191054	10.20236397	10.20236397	112952.6406	5.639999867	6.061999798	0.500526316	0.805894737
0.115248931	10.20219421	10.20219421	112935.6016	5.849999905	5.907000065	0.500526316	0.805894737
0.115306818	10.20232296	10.20232296	112956.0313	6.079999924	5.903999806	0.500526316	0.805894737
0.115364572	10.202384	10.202384	112932.5625	6.070000172	5.816999912	0.500526316	0.805894737
0.115422551	10.20229435	10.20229435	112964.1797	6.260000229	5.713999748	0.500526316	0.805894737
0.115480324	10.20239067	10.20239067	112976.125	5.989999771	6.140999794	0.500526316	0.805894737
0.11553821	10.20231819	10.20231819	112970.5781	5.800000191	5.916999817	0.500526316	0.805894737
0.115596098	10.20244503	10.20244503	112981.0625	5.739999771	5.961999893	0.500526316	0.805894737
0.115653993	10.20236778	10.20236778	112963.6719	5.739999771	5.934000015	0.500526316	0.805894737
0.11571185	10.20218468	10.20218468	112977.6563	5.670000076	6.025000095	0.500526316	0.805894737
0.115769792	10.20228481	10.20228481	112987.9922	5.699999809	5.847000122	0.500526316	0.805894737
0.115827559	10.20230103	10.20230103	112984.625	5.599999905	6.184000015	0.500526316	0.805894737
0.115885433	10.20220184	10.20220184	112972.7813	5.599999905	5.927000046	0.500526316	0.805894737
0.115943424	10.20232677	10.20232677	112992.375	5.579999924	5.794000149	0.500526316	0.805894737
0.11600117	10.20231533	10.20231533	112994.4922	5.610000134	5.809999943	0.500526316	0.805894737
0.116059146	10.20252705	10.20252705	112997.6094	5.579999924	6.039999962	0.500526316	0.805894737
0.116117021	10.20231056	10.20231056	113013.7109	5.590000153	6.123000145	0.500526316	0.805894737
0.116174899	10.20224476	10.20224476	113004.0313	5.570000172	6.010000229	0.500526316	0.805894737
0.116232765	10.2022543	10.2022543	113010.2656	5.590000153	5.868000031	0.500526316	0.805894737
0.116290639	10.20236301	10.20236301	113000.5938	5.570000172	5.781000137	0.500526316	0.805894737
0.116348508	10.202384	10.202384	112996.1094	5.590000153	5.750999928	0.500526316	0.805894737
0.116406384	10.20238304	10.20238304	113021.5313	6.110000134	5.717999935	0.500526316	0.805894737
0.116464258	10.20219898	10.20219898	113020.5078	5.96999979	5.68200016	0.500526316	0.805894737
0.116522127	10.20243263	10.20243263	113018.7031	5.909999847	5.729000092	0.500526316	0.805894737
0.116580002	10.20230675	10.20230675	112999.5859	5.809999943	5.661999703	0.500526316	0.805894737
0.116637873	10.20228672	10.20228672	113011.9453	5.730000019	5.657999992	0.500526316	0.805894737
0.116695734	10.20225048	10.20225048	113028.7813	5.699999809	5.639999867	0.500526316	0.805894737
0.116753608	10.20228672	10.20228672	113015.5703	5.639999867	5.638999939	0.500526316	0.805894737
0.116811493	10.20226574	10.20226574	113013.8828	5.619999886	5.625999928	0.500526316	0.805894737
0.116869354	10.2022543	10.2022543	113028.0391	5.760000229	5.614999771	0.500526316	0.805894737
0.116927236	10.20233154	10.20233154	113028.8984	5.730000019	5.621999741	0.500526316	0.805894737
0.11698509	10.20251179	10.20251179	113013.3984	5.730000019	5.616000176	0.500526316	0.805894737
0.11704298	10.20238304	10.20238304	113020.6406	5.699999809	5.59800005	0.500526316	0.805894737
0.117100839	10.20231915	10.20231915	113025.3281	5.730000019	5.610000134	0.500526316	0.805894737
0.117158707	10.20212936	10.20212936	113038.0078	5.690000057	5.639999867	0.500526316	0.805894737
0.11721659	10.20230293	10.20230293	113016.0859	5.710000038	5.632999897	0.500526316	0.805894737
0.11727445	10.20235157	10.20235157	113023.4922	5.760000229	5.630000114	0.500526316	0.805894737
0.117332323	10.20234871	10.20234871	113020.7891	5.75	5.72300005	0.500526316	0.805894737
0.117390204	10.20231342	10.20231342	113036.3516	5.730000019	5.68900013	0.500526316	0.805894737
0.117448079	10.20230484	10.20230484	113027.6875	5.690000057	5.675000191	0.500526316	0.805894737
0.117505934	10.20233727	10.20233727	113040.375	5.769999981	5.632999897	0.500526316	0.805894737
0.117563819	10.20239735	10.20239735	113046.3281	5.789999962	5.610000134	0.500526316	0.805894737
0.117621687	10.2021637	10.2021637	113047.4219	5.909999847	5.599999905	0.500526316	0.805894737
0.117679567	10.20228481	10.20228481	113046.5234	6.449999809	5.587999821	0.500526316	0.805894737
0.117737429	10.20231533	10.20231533	113063.375	6.309999943	5.548999786	0.500526316	0.805894737
0.11779522	10.20228767	10.20228767	113047.8125	6.239999771	5.547999859	0.500526316	0.805894737
0.117853103	10.20228672	10.20228672	113049.1563	6.090000153	5.534999847	0.500526316	0.805894737
0.117911018	10.20234585	10.20234585	113056.0938	5.980000019	5.539000034	0.500526316	0.805894737
0.117968891	10.20245838	10.20245838	113044.0391	5.849999905	5.555999756	0.500526316	0.805894737
0.118026766	10.20235729	10.20235729	113069.1563	5.769999981	5.522999764	0.500526316	0.805894737
0.118084632	10.20219421	10.20219421	113039.8516	5.679999828	5.536999703	0.500526316	0.805894737
0.118142521	10.20215988	10.20215988	113062.2422	5.659999847	5.540999889	0.500526316	0.805894737
0.118200408	10.20229816	10.20229816	113052.4844	5.630000114	5.552999973	0.500526316	0.805894737
0.118258266	10.2023983	10.2023983	113062.1953	5.789999962	5.55700016	0.500526316	0.805894737
0.118316134	10.20228004	10.20228004	113057.8906	5.739999771	5.53399992	0.500526316	0.805894737
0.118374001	10.20221806	10.20221806	113075.1953	5.760000229	5.519000053	0.500526316	0.805894737
0.118431892	10.20252323	10.20252323	113074.4766	5.75	5.517000198	0.500526316	0.805894737
0.118489751	10.20233727	10.20233727	113076.0625	5.710000038	5.538000107	0.500526316	0.805894737
0.118547623	10.20230675	10.20230675	113079.5781	5.659999847	5.546000004	0.500526316	0.805894737
0.118605499	10.20210171	10.20210171	113104.1953	5.619999886	5.535999775	0.500526316	0.805894737
0.118663363	10.20227432	10.20227432	113094.9609	5.630000114	5.527999878	0.500526316	0.805894737
0.118721228	10.20226192	10.20226192	113087.625	5.630000114	5.702000141	0.500526316	0.805894737
0.118779103	10.20225716	10.20225716	113086.1563	5.659999847	5.642000198	0.500526316	0.805894737
0.118836975	10.20235634	10.20235634	113096.4688	5.659999847	5.603000164	0.500526316	0.805894737
0.118894855	10.20247078	10.20247078	113114.5469	5.869999886	5.56799984	0.500526316	0.805894737
0.11895273	10.20240116	10.20240116	113101.2891	5.949999809	5.538000107	0.500526316	0.805894737
0.119010609	10.2023592	10.2023592	113093.5313	5.849999905	5.546999931	0.500526316	0.805894737
0.119068475	10.20221901	10.20221901	113088.8828	5.75	5.514999867	0.500526316	0.805894737
0.119126337	10.20221424	10.20221424	113093.5781	5.730000019	5.510000229	0.500526316	0.805894737
0.119184202	10.20226955	10.20226955	113094.1563	5.690000057	5.511000156	0.500526316	0.805894737
0.119242091	10.20223808	10.20223808	113109.3594	5.670000076	5.527999878	0.500526316	0.805894737
0.119299956	10.20229435	10.20229435	113095.2031	5.710000038	5.540999889	0.500526316	0.805894737
0.119357816	10.20235443	10.20235443	113095.4219	6.150000095	5.565000057	0.500526316	0.805894737
0.119415677	10.20235729	10.20235729	113107.5703	5.949999809	5.59100008	0.500526316	0.805894737
0.119473561	10.20238495	10.20238495	113109.625	5.840000153	5.587999821	0.500526316	0.805894737
0.119531445	10.20217037	10.20217037	113113.4688	5.75	5.642000198	0.500526316	0.805894737
0.119589319	10.20232964	10.20232964	113115.6797	5.690000057	5.621999741	0.500526316	0.805894737
0.119647252	10.20234299	10.20234299	113101.3438	5.730000019	5.586999893	0.500526316	0.805894737
0.119705123	10.20229816	10.20229816	113123.2969	5.730000019	5.580999851	0.500526316	0.805894737
0.119762999	10.20226669	10.20226669	113114.875	5.699999809	5.585999966	0.500526316	0.805894737
0.119820864	10.20232487	10.20232487	113104.1719	5.789999962	5.573999882	0.500526316	0.805894737
